File_path,store_procedure_name,Extracted,db
DataLakeBaseToMart_DimAccreditation,spBeginAuditLog,update  audit table  before the DML operation on the table ,No db found
DataLakeBaseToMart_DimAccreditation,spBeginAuditLog,INSERT INTO AuditLog,No db found
DataLakeBaseToMart_DimAccreditation,spEndAuditLog,update  audit table after the DML operation on the table,No db found
DataLakeBaseToMart_DimAccreditation,spEndAuditLog,FROM AuditLog,No db found
DataLakeBaseToMart_DimAccreditation,spEndAuditLog,UPDATE	AuditLog,No db found
DataLakeBaseToMart_DimAge,spBeginAuditLog,update  audit table  before the DML operation on the table ,No db found
DataLakeBaseToMart_DimAge,spBeginAuditLog,INSERT INTO AuditLog,No db found
DataLakeBaseToMart_DimAge,spEndAuditLog,update  audit table after the DML operation on the table,No db found
DataLakeBaseToMart_DimAge,spEndAuditLog,FROM AuditLog,No db found
DataLakeBaseToMart_DimAge,spEndAuditLog,UPDATE	AuditLog,No db found
DataLakeBaseToMart_DimAssessment,spBeginAuditLog,update  audit table  before the DML operation on the table ,No db found
DataLakeBaseToMart_DimAssessment,spBeginAuditLog,INSERT INTO AuditLog,No db found
DataLakeBaseToMart_DimAssessment,spEndAuditLog,update  audit table after the DML operation on the table,No db found
DataLakeBaseToMart_DimAssessment,spEndAuditLog,FROM AuditLog,No db found
DataLakeBaseToMart_DimAssessment,spEndAuditLog,UPDATE	AuditLog,No db found
DataLakeBaseToMart_DimAssignment,spBeginAuditLog,update  audit table  before the DML operation on the table ,No db found
DataLakeBaseToMart_DimAssignment,spBeginAuditLog,INSERT INTO AuditLog,No db found
DataLakeBaseToMart_DimAssignment,spEndAuditLog,update  audit table after the DML operation on the table,No db found
DataLakeBaseToMart_DimAssignment,spEndAuditLog,FROM AuditLog,No db found
DataLakeBaseToMart_DimAssignment,spEndAuditLog,UPDATE	AuditLog,No db found
DataLakeBaseToMart_DimEvent,spBeginAuditLog,update  audit table  before the DML operation on the table ,No db found
DataLakeBaseToMart_DimEvent,spBeginAuditLog,INSERT INTO AuditLog,No db found
DataLakeBaseToMart_DimEvent,spEndAuditLog,update  audit table after the DML operation on the table,No db found
DataLakeBaseToMart_DimEvent,spEndAuditLog,FROM AuditLog,No db found
DataLakeBaseToMart_DimEvent,spEndAuditLog,UPDATE	AuditLog,No db found
DataLakeBaseToMart_DimPayGrade,spBeginAuditLog,update  audit table  before the DML operation on the table ,No db found
DataLakeBaseToMart_DimPayGrade,spBeginAuditLog,INSERT INTO AuditLog,No db found
DataLakeBaseToMart_DimPayGrade,spEndAuditLog,update  audit table after the DML operation on the table,No db found
DataLakeBaseToMart_DimPayGrade,spEndAuditLog,FROM AuditLog,No db found
DataLakeBaseToMart_DimPayGrade,spEndAuditLog,UPDATE	AuditLog,No db found
DataLakeBaseToMart_DimPerson,spBeginAuditLog,update  audit table  before the DML operation on the table ,No db found
DataLakeBaseToMart_DimPerson,spBeginAuditLog,INSERT INTO AuditLog,No db found
DataLakeBaseToMart_DimPerson,spEndAuditLog,update  audit table after the DML operation on the table,No db found
DataLakeBaseToMart_DimPerson,spEndAuditLog,FROM AuditLog,No db found
DataLakeBaseToMart_DimPerson,spEndAuditLog,UPDATE	AuditLog,No db found
DataLakeBaseToMart_DimPerson,spDimPersonSupervisorLoad,FROM DimPerson. Runtime ,DimPerson
DataLakeBaseToMart_DimPerson,spDimPersonSupervisorLoad,from source,No db found
DataLakeBaseToMart_DimPerson,spDimPersonSupervisorLoad,DECLARE @ProcName NVARCHAR,No db found
DataLakeBaseToMart_DimPerson,spDimPersonSupervisorLoad,DECLARE @DebugMsg NVARCHAR,No db found
DataLakeBaseToMart_DimPerson,spDimPersonSupervisorLoad,DECLARE @SourceName VARCHAR,No db found
DataLakeBaseToMart_DimPerson,spDimPersonSupervisorLoad,DECLARE @RowCount INT,No db found
DataLakeBaseToMart_DimPerson,spDimPersonSupervisorLoad,DECLARE @Error INT,No db found
DataLakeBaseToMart_DimPerson,spDimPersonSupervisorLoad,DECLARE @SourceCount INT,No db found
DataLakeBaseToMart_DimPerson,spDimPersonSupervisorLoad,DECLARE @InsertCount INT,No db found
DataLakeBaseToMart_DimPerson,spDimPersonSupervisorLoad,DECLARE @UpdateCount INT,No db found
DataLakeBaseToMart_DimPerson,spDimPersonSupervisorLoad,DECLARE @DeleteCount INT,No db found
DataLakeBaseToMart_DimPerson,spDimPersonSupervisorLoad,DECLARE @EffectiveTo Datetime2,No db found
DataLakeBaseToMart_DimPerson,spDimPersonSupervisorLoad,DECLARE @tblMergeActions TABLE,No db found
DataLakeBaseToMart_DimPerson,spDimPersonSupervisorLoad,DECLARE @tblDeleteActions TABLE,No db found
DataLakeBaseToMart_DimPerson,spDimPersonSupervisorLoad,from DimPerson based on [DimPerson].[SupervisorNumber] ,[DimPerson]
DataLakeBaseToMart_DimPerson,spDimPersonSupervisorLoad,From [DW_Mart].Sys.Tables Where Name ,[DW_Mart]
DataLakeBaseToMart_DimPerson,spDimPersonSupervisorLoad,"From
		  FROM [DW_MART].[dbo].[DimPerson] as p ",[DW_MART]
DataLakeBaseToMart_DimPerson,spDimPersonSupervisorLoad,JOIN [DW_Mart].dbo.DimPerson as s ,[DW_Mart]
DataLakeBaseToMart_DimPerson,spDimPersonSupervisorLoad,Insert Into [DimPersonSupervisor],No db found
DataLakeBaseToMart_DimPerson,spDimPersonSupervisorLoad,From PersonSupervisorColumns,No db found
DataLakeBaseToMart_DimPerson,spDimPersonSupervisorLoad,FROM [DW_Mart].dbo.DimPerson,[DW_Mart]
DataLakeBaseToMart_DimPerson,spDimPersonSupervisorLoad,FROM [DW_Mart].dbo.DimPersonSupervisor,[DW_Mart]
DataLakeBaseToMart_DimPerson,spDimPersonSupervisorLoad,from DimPerson and loaded ,No db found
DataLakeBaseToMart_DimPerson,spDimPersonSupervisorLoad,DECLARE @ErrMsg NVARCHAR,No db found
DataLakeBaseToMart_DimPosition,spBeginAuditLog,update  audit table  before the DML operation on the table ,No db found
DataLakeBaseToMart_DimPosition,spBeginAuditLog,INSERT INTO AuditLog,No db found
DataLakeBaseToMart_DimPosition,spEndAuditLog,update  audit table after the DML operation on the table,No db found
DataLakeBaseToMart_DimPosition,spEndAuditLog,FROM AuditLog,No db found
DataLakeBaseToMart_DimPosition,spEndAuditLog,UPDATE	AuditLog,No db found
DataLakeBaseToMart_DimTermination,spBeginAuditLog,update  audit table  before the DML operation on the table ,No db found
DataLakeBaseToMart_DimTermination,spBeginAuditLog,INSERT INTO AuditLog,No db found
DataLakeBaseToMart_DimTermination,spEndAuditLog,update  audit table after the DML operation on the table,No db found
DataLakeBaseToMart_DimTermination,spEndAuditLog,FROM AuditLog,No db found
DataLakeBaseToMart_DimTermination,spEndAuditLog,UPDATE	AuditLog,No db found
DataLakeBaseToMart_DimTimeIn,spBeginAuditLog,update  audit table  before the DML operation on the table ,No db found
DataLakeBaseToMart_DimTimeIn,spBeginAuditLog,INSERT INTO AuditLog,No db found
DataLakeBaseToMart_DimTimeIn,spEndAuditLog,update  audit table after the DML operation on the table,No db found
DataLakeBaseToMart_DimTimeIn,spEndAuditLog,FROM AuditLog,No db found
DataLakeBaseToMart_DimTimeIn,spEndAuditLog,UPDATE	AuditLog,No db found
DataLakeBaseToMart_FactCosting,spEndAuditLog,update  audit table after the DML operation on the table,No db found
DataLakeBaseToMart_FactCosting,spEndAuditLog,FROM AuditLog,No db found
DataLakeBaseToMart_FactCosting,spEndAuditLog,UPDATE	AuditLog,No db found
DataLakeBaseToMart_FactCosting,spFactCostingLoad,from [DW_Landing].[FactADPCostingBN],[DW_Landing]
DataLakeBaseToMart_FactCosting,spFactCostingLoad,update Person Keys in fact when there is an incremental change in DimPerson,No db found
DataLakeBaseToMart_FactCosting,spFactCostingLoad,INSERT INTO [dbo].[FactCosting],[dbo]
DataLakeBaseToMart_FactCosting,spFactCostingLoad,FROM [DW_Landing].[dbo].[FactADPCostingBN] AS [SRC],[DW_Landing]
DataLakeBaseToMart_FactCosting,spFactCostingLoad,JOIN [DW_Mart].[dbo].[DimCostCenter] AS [DIM_CCenter] ,[DW_Mart]
DataLakeBaseToMart_FactCosting,spFactCostingLoad,JOIN [DW_Mart].[dbo].[DimAccountSubaccount] AS [SubActDT],[DW_Mart]
DataLakeBaseToMart_FactCosting,spFactCostingLoad,JOIN [DW_Mart].[dbo].[DimDate] AS [FullDT] ,[DW_Mart]
DataLakeBaseToMart_FactCosting,spFactCostingLoad,JOIN [DW_Mart].[dbo].[DimMeasure] AS [DIM_MES],[DW_Mart]
DataLakeBaseToMart_FactCosting,spFactCostingLoad,JOIN [DW_Mart].[dbo].[DimDataScenario] AS [DIM_DATASC] ,[DW_Mart]
DataLakeBaseToMart_FactCosting,spFactCostingUpdateKeys,Update [PersonKey] since [PersonKey] is expected to change in [dbo].[DimPerson],[dbo]
DataLakeBaseToMart_FactCosting,spFactCostingUpdateKeys,DECLARE @AuditID BIGINT ,No db found
DataLakeBaseToMart_FactCosting,spFactCostingUpdateKeys,FROM [dbo].[FactCosting] [F],[dbo]
DataLakeBaseToMart_FactCosting,spFactCostingUpdateKeys,JOIN [dbo].[DimDate] [D],[dbo]
DataLakeBaseToMart_FactCosting,spFactCostingUpdateKeys,JOIN [dbo].[DimPerson] [P],[dbo]
DataLakeBaseToMart_FactCosting,spFactCostingUpdateKeys,JOIN [dbo].[DimPerson] [C],[dbo]
DataLakeBaseToMart_FactCosting,spFactCostingUpdateKeys,UPDATE [F],No db found
DataLakeBaseToMart_FactCosting,spFactCostingUpdateKeys,JOIN ,No db found
DataLakeBaseToMart_FactEarning,spFactEarningLoad,from [DW_Landing].[FactADPEarningBN],[DW_Landing]
DataLakeBaseToMart_FactEarning,spFactEarningLoad,update Person Keys in fact when there is an incremental change in DimPerson,No db found
DataLakeBaseToMart_FactEarning,spFactEarningLoad,INSERT INTO [dbo].[FactEarning],[dbo]
DataLakeBaseToMart_FactEarning,spFactEarningLoad,FROM [DW_Landing].[dbo].[FactADPEarningBN] AS [SRC],[DW_Landing]
DataLakeBaseToMart_FactEarning,spFactEarningLoad,JOIN [DW_Mart].[dbo].[DimCostCenter] AS [DIM_CCenter] ,[DW_Mart]
DataLakeBaseToMart_FactEarning,spFactEarningLoad,JOIN [DW_Mart].[dbo].[DimDate] AS [CHKDT] ,[DW_Mart]
DataLakeBaseToMart_FactEarning,spFactEarningLoad,JOIN [DW_Mart].[dbo].[DimDate] AS [FullDT] ,[DW_Mart]
DataLakeBaseToMart_FactEarning,spFactEarningLoad,JOIN [DW_Mart].[dbo].[DimMeasure] AS [DIM_MES],[DW_Mart]
DataLakeBaseToMart_FactEarning,spFactEarningLoad,JOIN [DW_Mart].[dbo].[DimDataScenario] AS [DIM_DATASC] ,[DW_Mart]
DataLakeBaseToMart_FactEarning,spEndAuditLog,update  audit table after the DML operation on the table,No db found
DataLakeBaseToMart_FactEarning,spEndAuditLog,FROM AuditLog,No db found
DataLakeBaseToMart_FactEarning,spEndAuditLog,UPDATE	AuditLog,No db found
DataLakeBaseToMart_FactEarning,spFactEarningUpdateKeys,Update Keys,No db found
DataLakeBaseToMart_FactEarning,spFactEarningUpdateKeys,DECLARE @AuditID BIGINT ,No db found
DataLakeBaseToMart_FactEarning,spFactEarningUpdateKeys,Update PersonKey,No db found
DataLakeBaseToMart_FactEarning,spFactEarningUpdateKeys,FROM [dbo].[FactEarning] [F],[dbo]
DataLakeBaseToMart_FactEarning,spFactEarningUpdateKeys,JOIN [dbo].[DimDate] [D],[dbo]
DataLakeBaseToMart_FactEarning,spFactEarningUpdateKeys,JOIN [dbo].[DimPerson] [P],[dbo]
DataLakeBaseToMart_FactEarning,spFactEarningUpdateKeys,JOIN [dbo].[DimPerson] [C],[dbo]
DataLakeBaseToMart_FactEarning,spFactEarningUpdateKeys,UPDATE [F],No db found
DataLakeBaseToMart_FactEarning,spFactEarningUpdateKeys,JOIN ,No db found
DataLakeBaseToMart_FactEarning,spFactEarningUpdateKeys,Update AssignmentKey,No db found
DataLakeBaseToMart_FactEarning,spFactEarningUpdateKeys,JOIN [dbo].[DimAssignment] [P],[dbo]
DataLakeBaseToMart_FactEarning,spFactEarningUpdateKeys,JOIN [dbo].[DimAssignment] [C],[dbo]
DataLakeBaseToMart_FactEarning,spFactEarningUpdateKeys,Update PositionKey,No db found
DataLakeBaseToMart_FactEarning,spFactEarningUpdateKeys,JOIN [dbo].[DimPosition] [P],[dbo]
DataLakeBaseToMart_FactEarning,spFactEarningUpdateKeys,JOIN [dbo].[DimPosition] [C],[dbo]
DataLakeBaseToMart_FactEmployeeCensus,spEndAuditLog,update  audit table after the DML operation on the table,No db found
DataLakeBaseToMart_FactEmployeeCensus,spEndAuditLog,FROM AuditLog,No db found
DataLakeBaseToMart_FactEmployeeCensus,spEndAuditLog,UPDATE	AuditLog,No db found
DataLakeBaseToMart_FactEmployeeCensusArchive,spBeginAuditLog,update  audit table  before the DML operation on the table ,No db found
DataLakeBaseToMart_FactEmployeeCensusArchive,spBeginAuditLog,INSERT INTO AuditLog,No db found
DataLakeBaseToMart_FactEmployeeCensusArchive,spEndAuditLog,update  audit table after the DML operation on the table,No db found
DataLakeBaseToMart_FactEmployeeCensusArchive,spEndAuditLog,FROM AuditLog,No db found
DataLakeBaseToMart_FactEmployeeCensusArchive,spEndAuditLog,UPDATE	AuditLog,No db found
DataLakeBaseToMart_FactEmployeeEvent,spBeginAuditLog,update  audit table  before the DML operation on the table ,No db found
DataLakeBaseToMart_FactEmployeeEvent,spBeginAuditLog,INSERT INTO AuditLog,No db found
DataLakeBaseToMart_FactEmployeeEvent,spEndAuditLog,update  audit table after the DML operation on the table,No db found
DataLakeBaseToMart_FactEmployeeEvent,spEndAuditLog,FROM AuditLog,No db found
DataLakeBaseToMart_FactEmployeeEvent,spEndAuditLog,UPDATE	AuditLog,No db found
DataLakeHRISToBase_AccreditationBN,spBeginAuditLog,update  audit table  before the DML operation on the table ,No db found
DataLakeHRISToBase_AccreditationBN,spBeginAuditLog,INSERT INTO AuditLog,No db found
DataLakeHRISToBase_AccreditationBN,spEndAuditLog,update  audit table after the DML operation on the table,No db found
DataLakeHRISToBase_AccreditationBN,spEndAuditLog,FROM AuditLog,No db found
DataLakeHRISToBase_AccreditationBN,spEndAuditLog,UPDATE	AuditLog,No db found
DataLakeHRISToBase_AgeBN,spBeginAuditLog,update  audit table  before the DML operation on the table ,No db found
DataLakeHRISToBase_AgeBN,spBeginAuditLog,INSERT INTO AuditLog,No db found
DataLakeHRISToBase_AgeBN,spEndAuditLog,update  audit table after the DML operation on the table,No db found
DataLakeHRISToBase_AgeBN,spEndAuditLog,FROM AuditLog,No db found
DataLakeHRISToBase_AgeBN,spEndAuditLog,UPDATE	AuditLog,No db found
DataLakeHRISToBase_AP_SUPPLIERS_B0,spBeginAuditLog,update  audit table  before the DML operation on the table ,No db found
DataLakeHRISToBase_AP_SUPPLIERS_B0,spBeginAuditLog,INSERT INTO AuditLog,No db found
DataLakeHRISToBase_AP_SUPPLIERS_B0,spEndAuditLog,update  audit table after the DML operation on the table,No db found
DataLakeHRISToBase_AP_SUPPLIERS_B0,spEndAuditLog,FROM AuditLog,No db found
DataLakeHRISToBase_AP_SUPPLIERS_B0,spEndAuditLog,UPDATE	AuditLog,No db found
DataLakeHRISToBase_AssessmentBN,spBeginAuditLog,update  audit table  before the DML operation on the table ,No db found
DataLakeHRISToBase_AssessmentBN,spBeginAuditLog,INSERT INTO AuditLog,No db found
DataLakeHRISToBase_AssessmentBN,spEndAuditLog,update  audit table after the DML operation on the table,No db found
DataLakeHRISToBase_AssessmentBN,spEndAuditLog,FROM AuditLog,No db found
DataLakeHRISToBase_AssessmentBN,spEndAuditLog,UPDATE	AuditLog,No db found
DataLakeHRISToBase_AssignmentBN,spBeginAuditLog,update  audit table  before the DML operation on the table ,No db found
DataLakeHRISToBase_AssignmentBN,spBeginAuditLog,INSERT INTO AuditLog,No db found
DataLakeHRISToBase_AssignmentBN,spEndAuditLog,update  audit table after the DML operation on the table,No db found
DataLakeHRISToBase_AssignmentBN,spEndAuditLog,FROM AuditLog,No db found
DataLakeHRISToBase_AssignmentBN,spEndAuditLog,UPDATE	AuditLog,No db found
DataLakeHRISToBase_BaseEmployeeCensusBN,spEndAuditLog,update  audit table after the DML operation on the table,No db found
DataLakeHRISToBase_BaseEmployeeCensusBN,spEndAuditLog,FROM AuditLog,No db found
DataLakeHRISToBase_BaseEmployeeCensusBN,spEndAuditLog,UPDATE	AuditLog,No db found
DataLakeHRISToBase_BaseEmployeeCensusBN,spBeginAuditLog,update  audit table  before the DML operation on the table ,No db found
DataLakeHRISToBase_BaseEmployeeCensusBN,spBeginAuditLog,INSERT INTO AuditLog,No db found
DataLakeHRISToBase_BaseEmployeeEventBN,spEndAuditLog,update  audit table after the DML operation on the table,No db found
DataLakeHRISToBase_BaseEmployeeEventBN,spEndAuditLog,FROM AuditLog,No db found
DataLakeHRISToBase_BaseEmployeeEventBN,spEndAuditLog,UPDATE	AuditLog,No db found
DataLakeHRISToBase_EventBN,spBeginAuditLog,update  audit table  before the DML operation on the table ,No db found
DataLakeHRISToBase_EventBN,spBeginAuditLog,INSERT INTO AuditLog,No db found
DataLakeHRISToBase_EventBN,spEndAuditLog,update  audit table after the DML operation on the table,No db found
DataLakeHRISToBase_EventBN,spEndAuditLog,FROM AuditLog,No db found
DataLakeHRISToBase_EventBN,spEndAuditLog,UPDATE	AuditLog,No db found
DataLakeHRISToBase_FlexValuesLookupB10,spBeginAuditLog,update  audit table  before the DML operation on the table ,No db found
DataLakeHRISToBase_FlexValuesLookupB10,spBeginAuditLog,INSERT INTO AuditLog,No db found
DataLakeHRISToBase_FlexValuesLookupB10,spEndAuditLog,update  audit table after the DML operation on the table,No db found
DataLakeHRISToBase_FlexValuesLookupB10,spEndAuditLog,FROM AuditLog,No db found
DataLakeHRISToBase_FlexValuesLookupB10,spEndAuditLog,UPDATE	AuditLog,No db found
DataLakeHRISToBase_FND_FLEX_VALUES_B0,spBeginAuditLog,update  audit table  before the DML operation on the table ,No db found
DataLakeHRISToBase_FND_FLEX_VALUES_B0,spBeginAuditLog,INSERT INTO AuditLog,No db found
DataLakeHRISToBase_FND_FLEX_VALUES_B0,spEndAuditLog,update  audit table after the DML operation on the table,No db found
DataLakeHRISToBase_FND_FLEX_VALUES_B0,spEndAuditLog,FROM AuditLog,No db found
DataLakeHRISToBase_FND_FLEX_VALUES_B0,spEndAuditLog,UPDATE	AuditLog,No db found
DataLakeHRISToBase_FND_FLEX_VALUES_TL_B0,spBeginAuditLog,update  audit table  before the DML operation on the table ,No db found
DataLakeHRISToBase_FND_FLEX_VALUES_TL_B0,spBeginAuditLog,INSERT INTO AuditLog,No db found
DataLakeHRISToBase_FND_FLEX_VALUES_TL_B0,spEndAuditLog,update  audit table after the DML operation on the table,No db found
DataLakeHRISToBase_FND_FLEX_VALUES_TL_B0,spEndAuditLog,FROM AuditLog,No db found
DataLakeHRISToBase_FND_FLEX_VALUES_TL_B0,spEndAuditLog,UPDATE	AuditLog,No db found
DataLakeHRISToBase_FND_FLEX_VALUE_SETS_B0,spBeginAuditLog,update  audit table  before the DML operation on the table ,No db found
DataLakeHRISToBase_FND_FLEX_VALUE_SETS_B0,spBeginAuditLog,INSERT INTO AuditLog,No db found
DataLakeHRISToBase_FND_FLEX_VALUE_SETS_B0,spEndAuditLog,update  audit table after the DML operation on the table,No db found
DataLakeHRISToBase_FND_FLEX_VALUE_SETS_B0,spEndAuditLog,FROM AuditLog,No db found
DataLakeHRISToBase_FND_FLEX_VALUE_SETS_B0,spEndAuditLog,UPDATE	AuditLog,No db found
DataLakeHRISToBase_FND_ID_FLEX_STRUCTURES_TL_B0,spBeginAuditLog,update  audit table  before the DML operation on the table ,No db found
DataLakeHRISToBase_FND_ID_FLEX_STRUCTURES_TL_B0,spBeginAuditLog,INSERT INTO AuditLog,No db found
DataLakeHRISToBase_FND_ID_FLEX_STRUCTURES_TL_B0,spEndAuditLog,update  audit table after the DML operation on the table,No db found
DataLakeHRISToBase_FND_ID_FLEX_STRUCTURES_TL_B0,spEndAuditLog,FROM AuditLog,No db found
DataLakeHRISToBase_FND_ID_FLEX_STRUCTURES_TL_B0,spEndAuditLog,UPDATE	AuditLog,No db found
DataLakeHRISToBase_FND_LOGINS_B0,spBeginAuditLog,update  audit table  before the DML operation on the table ,No db found
DataLakeHRISToBase_FND_LOGINS_B0,spBeginAuditLog,INSERT INTO AuditLog,No db found
DataLakeHRISToBase_FND_LOGINS_B0,spEndAuditLog,update  audit table after the DML operation on the table,No db found
DataLakeHRISToBase_FND_LOGINS_B0,spEndAuditLog,FROM AuditLog,No db found
DataLakeHRISToBase_FND_LOGINS_B0,spEndAuditLog,UPDATE	AuditLog,No db found
DataLakeHRISToBase_FND_LOOKUP_VALUES_B0,spBeginAuditLog,update  audit table  before the DML operation on the table ,No db found
DataLakeHRISToBase_FND_LOOKUP_VALUES_B0,spBeginAuditLog,INSERT INTO AuditLog,No db found
DataLakeHRISToBase_FND_LOOKUP_VALUES_B0,spEndAuditLog,update  audit table after the DML operation on the table,No db found
DataLakeHRISToBase_FND_LOOKUP_VALUES_B0,spEndAuditLog,FROM AuditLog,No db found
DataLakeHRISToBase_FND_LOOKUP_VALUES_B0,spEndAuditLog,UPDATE	AuditLog,No db found
DataLakeHRISToBase_HRIS_Datalake_Runtime_Metadata,spBeginAuditLog,update  audit table  before the DML operation on the table ,No db found
DataLakeHRISToBase_HRIS_Datalake_Runtime_Metadata,spBeginAuditLog,INSERT INTO AuditLog,No db found
DataLakeHRISToBase_HRIS_Datalake_Runtime_Metadata,spEndAuditLog,update  audit table after the DML operation on the table,No db found
DataLakeHRISToBase_HRIS_Datalake_Runtime_Metadata,spEndAuditLog,FROM AuditLog,No db found
DataLakeHRISToBase_HRIS_Datalake_Runtime_Metadata,spEndAuditLog,UPDATE	AuditLog,No db found
DataLakeHRISToBase_HR_ALL_ORGANIZATION_UNITS_B0,spBeginAuditLog,update  audit table  before the DML operation on the table ,No db found
DataLakeHRISToBase_HR_ALL_ORGANIZATION_UNITS_B0,spBeginAuditLog,INSERT INTO AuditLog,No db found
DataLakeHRISToBase_HR_ALL_ORGANIZATION_UNITS_B0,spEndAuditLog,update  audit table after the DML operation on the table,No db found
DataLakeHRISToBase_HR_ALL_ORGANIZATION_UNITS_B0,spEndAuditLog,FROM AuditLog,No db found
DataLakeHRISToBase_HR_ALL_ORGANIZATION_UNITS_B0,spEndAuditLog,UPDATE	AuditLog,No db found
DataLakeHRISToBase_HR_ALL_POSITIONS_F_B0,spBeginAuditLog,update  audit table  before the DML operation on the table ,No db found
DataLakeHRISToBase_HR_ALL_POSITIONS_F_B0,spBeginAuditLog,INSERT INTO AuditLog,No db found
DataLakeHRISToBase_HR_ALL_POSITIONS_F_B0,spEndAuditLog,update  audit table after the DML operation on the table,No db found
DataLakeHRISToBase_HR_ALL_POSITIONS_F_B0,spEndAuditLog,FROM AuditLog,No db found
DataLakeHRISToBase_HR_ALL_POSITIONS_F_B0,spEndAuditLog,UPDATE	AuditLog,No db found
DataLakeHRISToBase_HR_LOCATIONS_ALL_B0,spBeginAuditLog,update  audit table  before the DML operation on the table ,No db found
DataLakeHRISToBase_HR_LOCATIONS_ALL_B0,spBeginAuditLog,INSERT INTO AuditLog,No db found
DataLakeHRISToBase_HR_LOCATIONS_ALL_B0,spEndAuditLog,update  audit table after the DML operation on the table,No db found
DataLakeHRISToBase_HR_LOCATIONS_ALL_B0,spEndAuditLog,FROM AuditLog,No db found
DataLakeHRISToBase_HR_LOCATIONS_ALL_B0,spEndAuditLog,UPDATE	AuditLog,No db found
DataLakeHRISToBase_HR_LOCATION_EXTRA_INFO_B0,spBeginAuditLog,update  audit table  before the DML operation on the table ,No db found
DataLakeHRISToBase_HR_LOCATION_EXTRA_INFO_B0,spBeginAuditLog,INSERT INTO AuditLog,No db found
DataLakeHRISToBase_HR_LOCATION_EXTRA_INFO_B0,spEndAuditLog,update  audit table after the DML operation on the table,No db found
DataLakeHRISToBase_HR_LOCATION_EXTRA_INFO_B0,spEndAuditLog,FROM AuditLog,No db found
DataLakeHRISToBase_HR_LOCATION_EXTRA_INFO_B0,spEndAuditLog,UPDATE	AuditLog,No db found
DataLakeHRISToBase_PayGradeBN,spBeginAuditLog,update  audit table  before the DML operation on the table ,No db found
DataLakeHRISToBase_PayGradeBN,spBeginAuditLog,INSERT INTO AuditLog,No db found
DataLakeHRISToBase_PayGradeBN,spEndAuditLog,update  audit table after the DML operation on the table,No db found
DataLakeHRISToBase_PayGradeBN,spEndAuditLog,FROM AuditLog,No db found
DataLakeHRISToBase_PayGradeBN,spEndAuditLog,UPDATE	AuditLog,No db found
DataLakeHRISToBase_PAY_COST_ALLOCATION_KEYFLEX_B0,spBeginAuditLog,update  audit table  before the DML operation on the table ,No db found
DataLakeHRISToBase_PAY_COST_ALLOCATION_KEYFLEX_B0,spBeginAuditLog,INSERT INTO AuditLog,No db found
DataLakeHRISToBase_PAY_COST_ALLOCATION_KEYFLEX_B0,spEndAuditLog,update  audit table after the DML operation on the table,No db found
DataLakeHRISToBase_PAY_COST_ALLOCATION_KEYFLEX_B0,spEndAuditLog,FROM AuditLog,No db found
DataLakeHRISToBase_PAY_COST_ALLOCATION_KEYFLEX_B0,spEndAuditLog,UPDATE	AuditLog,No db found
DataLakeHRISToBase_PAY_GRADE_RULES_F_B0,spBeginAuditLog,update  audit table  before the DML operation on the table ,No db found
DataLakeHRISToBase_PAY_GRADE_RULES_F_B0,spBeginAuditLog,INSERT INTO AuditLog,No db found
DataLakeHRISToBase_PAY_GRADE_RULES_F_B0,spEndAuditLog,update  audit table after the DML operation on the table,No db found
DataLakeHRISToBase_PAY_GRADE_RULES_F_B0,spEndAuditLog,FROM AuditLog,No db found
DataLakeHRISToBase_PAY_GRADE_RULES_F_B0,spEndAuditLog,UPDATE	AuditLog,No db found
DataLakeHRISToBase_PAY_PEOPLE_GROUPS_B0,spBeginAuditLog,update  audit table  before the DML operation on the table ,No db found
DataLakeHRISToBase_PAY_PEOPLE_GROUPS_B0,spBeginAuditLog,INSERT INTO AuditLog,No db found
DataLakeHRISToBase_PAY_PEOPLE_GROUPS_B0,spEndAuditLog,update  audit table after the DML operation on the table,No db found
DataLakeHRISToBase_PAY_PEOPLE_GROUPS_B0,spEndAuditLog,FROM AuditLog,No db found
DataLakeHRISToBase_PAY_PEOPLE_GROUPS_B0,spEndAuditLog,UPDATE	AuditLog,No db found
DataLakeHRISToBase_PerPeriodsB10,spBeginAuditLog,update  audit table  before the DML operation on the table ,No db found
DataLakeHRISToBase_PerPeriodsB10,spBeginAuditLog,INSERT INTO AuditLog,No db found
DataLakeHRISToBase_PersonBN,spBeginAuditLog,update  audit table  before the DML operation on the table ,No db found
DataLakeHRISToBase_PersonBN,spBeginAuditLog,INSERT INTO AuditLog,No db found
DataLakeHRISToBase_PersonBN,spEndAuditLog,update  audit table after the DML operation on the table,No db found
DataLakeHRISToBase_PersonBN,spEndAuditLog,FROM AuditLog,No db found
DataLakeHRISToBase_PersonBN,spEndAuditLog,UPDATE	AuditLog,No db found
DataLakeHRISToBase_PER_ADDRESSES_B0,spBeginAuditLog,update  audit table  before the DML operation on the table ,No db found
DataLakeHRISToBase_PER_ADDRESSES_B0,spBeginAuditLog,INSERT INTO AuditLog,No db found
DataLakeHRISToBase_PER_ADDRESSES_B0,spEndAuditLog,update  audit table after the DML operation on the table,No db found
DataLakeHRISToBase_PER_ADDRESSES_B0,spEndAuditLog,FROM AuditLog,No db found
DataLakeHRISToBase_PER_ADDRESSES_B0,spEndAuditLog,UPDATE	AuditLog,No db found
DataLakeHRISToBase_PER_ALL_ASSIGNMENTS_F_B0,spBeginAuditLog,update  audit table  before the DML operation on the table ,No db found
DataLakeHRISToBase_PER_ALL_ASSIGNMENTS_F_B0,spBeginAuditLog,INSERT INTO AuditLog,No db found
DataLakeHRISToBase_PER_ALL_ASSIGNMENTS_F_B0,spEndAuditLog,update  audit table after the DML operation on the table,No db found
DataLakeHRISToBase_PER_ALL_ASSIGNMENTS_F_B0,spEndAuditLog,FROM AuditLog,No db found
DataLakeHRISToBase_PER_ALL_ASSIGNMENTS_F_B0,spEndAuditLog,UPDATE	AuditLog,No db found
DataLakeHRISToBase_PER_ALL_PEOPLE_F_B0,spBeginAuditLog,update  audit table  before the DML operation on the table ,No db found
DataLakeHRISToBase_PER_ALL_PEOPLE_F_B0,spBeginAuditLog,INSERT INTO AuditLog,No db found
DataLakeHRISToBase_PER_ALL_PEOPLE_F_B0,spEndAuditLog,update  audit table after the DML operation on the table,No db found
DataLakeHRISToBase_PER_ALL_PEOPLE_F_B0,spEndAuditLog,FROM AuditLog,No db found
DataLakeHRISToBase_PER_ALL_PEOPLE_F_B0,spEndAuditLog,UPDATE	AuditLog,No db found
DataLakeHRISToBase_PER_ANALYSIS_CRITERIA_B0,spBeginAuditLog,update  audit table  before the DML operation on the table ,No db found
DataLakeHRISToBase_PER_ANALYSIS_CRITERIA_B0,spBeginAuditLog,INSERT INTO AuditLog,No db found
DataLakeHRISToBase_PER_ANALYSIS_CRITERIA_B0,spEndAuditLog,update  audit table after the DML operation on the table,No db found
DataLakeHRISToBase_PER_ANALYSIS_CRITERIA_B0,spEndAuditLog,FROM AuditLog,No db found
DataLakeHRISToBase_PER_ANALYSIS_CRITERIA_B0,spEndAuditLog,UPDATE	AuditLog,No db found
DataLakeHRISToBase_PER_ASSIGNMENT_STATUS_TYPES_B0,spBeginAuditLog,update  audit table  before the DML operation on the table ,No db found
DataLakeHRISToBase_PER_ASSIGNMENT_STATUS_TYPES_B0,spBeginAuditLog,INSERT INTO AuditLog,No db found
DataLakeHRISToBase_PER_ASSIGNMENT_STATUS_TYPES_B0,spEndAuditLog,update  audit table after the DML operation on the table,No db found
DataLakeHRISToBase_PER_ASSIGNMENT_STATUS_TYPES_B0,spEndAuditLog,FROM AuditLog,No db found
DataLakeHRISToBase_PER_ASSIGNMENT_STATUS_TYPES_B0,spEndAuditLog,UPDATE	AuditLog,No db found
DataLakeHRISToBase_PER_COMPETENCES_B0,spBeginAuditLog,update  audit table  before the DML operation on the table ,No db found
DataLakeHRISToBase_PER_COMPETENCES_B0,spBeginAuditLog,INSERT INTO AuditLog,No db found
DataLakeHRISToBase_PER_COMPETENCES_B0,spEndAuditLog,update  audit table after the DML operation on the table,No db found
DataLakeHRISToBase_PER_COMPETENCES_B0,spEndAuditLog,FROM AuditLog,No db found
DataLakeHRISToBase_PER_COMPETENCES_B0,spEndAuditLog,UPDATE	AuditLog,No db found
DataLakeHRISToBase_PER_COMPETENCE_ELEMENTS_B0,spBeginAuditLog,update  audit table  before the DML operation on the table ,No db found
DataLakeHRISToBase_PER_COMPETENCE_ELEMENTS_B0,spBeginAuditLog,INSERT INTO AuditLog,No db found
DataLakeHRISToBase_PER_COMPETENCE_ELEMENTS_B0,spEndAuditLog,update  audit table after the DML operation on the table,No db found
DataLakeHRISToBase_PER_COMPETENCE_ELEMENTS_B0,spEndAuditLog,FROM AuditLog,No db found
DataLakeHRISToBase_PER_COMPETENCE_ELEMENTS_B0,spEndAuditLog,UPDATE	AuditLog,No db found
DataLakeHRISToBase_PER_GRADES_B0,spBeginAuditLog,update  audit table  before the DML operation on the table ,No db found
DataLakeHRISToBase_PER_GRADES_B0,spBeginAuditLog,INSERT INTO AuditLog,No db found
DataLakeHRISToBase_PER_GRADES_B0,spEndAuditLog,update  audit table after the DML operation on the table,No db found
DataLakeHRISToBase_PER_GRADES_B0,spEndAuditLog,FROM AuditLog,No db found
DataLakeHRISToBase_PER_GRADES_B0,spEndAuditLog,UPDATE	AuditLog,No db found
DataLakeHRISToBase_PER_JOBS_B0,spBeginAuditLog,update  audit table  before the DML operation on the table ,No db found
DataLakeHRISToBase_PER_JOBS_B0,spBeginAuditLog,INSERT INTO AuditLog,No db found
DataLakeHRISToBase_PER_JOBS_B0,spEndAuditLog,update  audit table after the DML operation on the table,No db found
DataLakeHRISToBase_PER_JOBS_B0,spEndAuditLog,FROM AuditLog,No db found
DataLakeHRISToBase_PER_JOBS_B0,spEndAuditLog,UPDATE	AuditLog,No db found
DataLakeHRISToBase_PER_JOB_GROUPS_B0,spBeginAuditLog,update  audit table  before the DML operation on the table ,No db found
DataLakeHRISToBase_PER_JOB_GROUPS_B0,spBeginAuditLog,INSERT INTO AuditLog,No db found
DataLakeHRISToBase_PER_JOB_GROUPS_B0,spEndAuditLog,update  audit table after the DML operation on the table,No db found
DataLakeHRISToBase_PER_JOB_GROUPS_B0,spEndAuditLog,FROM AuditLog,No db found
DataLakeHRISToBase_PER_JOB_GROUPS_B0,spEndAuditLog,UPDATE	AuditLog,No db found
DataLakeHRISToBase_PER_ORGANIZATION_STRUCTURES_B0,spBeginAuditLog,update  audit table  before the DML operation on the table ,No db found
DataLakeHRISToBase_PER_ORGANIZATION_STRUCTURES_B0,spBeginAuditLog,INSERT INTO AuditLog,No db found
DataLakeHRISToBase_PER_ORGANIZATION_STRUCTURES_B0,spEndAuditLog,update  audit table after the DML operation on the table,No db found
DataLakeHRISToBase_PER_ORGANIZATION_STRUCTURES_B0,spEndAuditLog,FROM AuditLog,No db found
DataLakeHRISToBase_PER_ORGANIZATION_STRUCTURES_B0,spEndAuditLog,UPDATE	AuditLog,No db found
DataLakeHRISToBase_PER_ORG_STRUCTURE_ELEMENTS_B0,spBeginAuditLog,update  audit table  before the DML operation on the table ,No db found
DataLakeHRISToBase_PER_ORG_STRUCTURE_ELEMENTS_B0,spBeginAuditLog,INSERT INTO AuditLog,No db found
DataLakeHRISToBase_PER_ORG_STRUCTURE_ELEMENTS_B0,spEndAuditLog,update  audit table after the DML operation on the table,No db found
DataLakeHRISToBase_PER_ORG_STRUCTURE_ELEMENTS_B0,spEndAuditLog,FROM AuditLog,No db found
DataLakeHRISToBase_PER_ORG_STRUCTURE_ELEMENTS_B0,spEndAuditLog,UPDATE	AuditLog,No db found
DataLakeHRISToBase_PER_ORG_STRUCTURE_VERSIONS_B0,spBeginAuditLog,update  audit table  before the DML operation on the table ,No db found
DataLakeHRISToBase_PER_ORG_STRUCTURE_VERSIONS_B0,spBeginAuditLog,INSERT INTO AuditLog,No db found
DataLakeHRISToBase_PER_ORG_STRUCTURE_VERSIONS_B0,spEndAuditLog,update  audit table after the DML operation on the table,No db found
DataLakeHRISToBase_PER_ORG_STRUCTURE_VERSIONS_B0,spEndAuditLog,FROM AuditLog,No db found
DataLakeHRISToBase_PER_ORG_STRUCTURE_VERSIONS_B0,spEndAuditLog,UPDATE	AuditLog,No db found
DataLakeHRISToBase_PER_PAY_BASES_B0,spBeginAuditLog,update  audit table  before the DML operation on the table ,No db found
DataLakeHRISToBase_PER_PAY_BASES_B0,spBeginAuditLog,INSERT INTO AuditLog,No db found
DataLakeHRISToBase_PER_PAY_BASES_B0,spEndAuditLog,update  audit table after the DML operation on the table,No db found
DataLakeHRISToBase_PER_PAY_BASES_B0,spEndAuditLog,FROM AuditLog,No db found
DataLakeHRISToBase_PER_PAY_BASES_B0,spEndAuditLog,UPDATE	AuditLog,No db found
DataLakeHRISToBase_PER_PAY_PROPOSALS_B0,spBeginAuditLog,update  audit table  before the DML operation on the table ,No db found
DataLakeHRISToBase_PER_PAY_PROPOSALS_B0,spBeginAuditLog,INSERT INTO AuditLog,No db found
DataLakeHRISToBase_PER_PAY_PROPOSALS_B0,spEndAuditLog,update  audit table after the DML operation on the table,No db found
DataLakeHRISToBase_PER_PAY_PROPOSALS_B0,spEndAuditLog,FROM AuditLog,No db found
DataLakeHRISToBase_PER_PAY_PROPOSALS_B0,spEndAuditLog,UPDATE	AuditLog,No db found
DataLakeHRISToBase_PER_PERFORMANCE_REVIEWS_B0,spBeginAuditLog,update  audit table  before the DML operation on the table ,No db found
DataLakeHRISToBase_PER_PERFORMANCE_REVIEWS_B0,spBeginAuditLog,INSERT INTO AuditLog,No db found
DataLakeHRISToBase_PER_PERFORMANCE_REVIEWS_B0,spEndAuditLog,update  audit table after the DML operation on the table,No db found
DataLakeHRISToBase_PER_PERFORMANCE_REVIEWS_B0,spEndAuditLog,FROM AuditLog,No db found
DataLakeHRISToBase_PER_PERFORMANCE_REVIEWS_B0,spEndAuditLog,UPDATE	AuditLog,No db found
DataLakeHRISToBase_PER_PERIODS_OF_PLACEMENT_B0,spBeginAuditLog,update  audit table  before the DML operation on the table ,No db found
DataLakeHRISToBase_PER_PERIODS_OF_PLACEMENT_B0,spBeginAuditLog,INSERT INTO AuditLog,No db found
DataLakeHRISToBase_PER_PERIODS_OF_PLACEMENT_B0,spEndAuditLog,update  audit table after the DML operation on the table,No db found
DataLakeHRISToBase_PER_PERIODS_OF_PLACEMENT_B0,spEndAuditLog,FROM AuditLog,No db found
DataLakeHRISToBase_PER_PERIODS_OF_PLACEMENT_B0,spEndAuditLog,UPDATE	AuditLog,No db found
DataLakeHRISToBase_PER_PERIODS_OF_SERVICE_B0,spBeginAuditLog,update  audit table  before the DML operation on the table ,No db found
DataLakeHRISToBase_PER_PERIODS_OF_SERVICE_B0,spBeginAuditLog,INSERT INTO AuditLog,No db found
DataLakeHRISToBase_PER_PERIODS_OF_SERVICE_B0,spEndAuditLog,update  audit table after the DML operation on the table,No db found
DataLakeHRISToBase_PER_PERIODS_OF_SERVICE_B0,spEndAuditLog,FROM AuditLog,No db found
DataLakeHRISToBase_PER_PERIODS_OF_SERVICE_B0,spEndAuditLog,UPDATE	AuditLog,No db found
DataLakeHRISToBase_PER_PERSON_ANALYSES_B0,spBeginAuditLog,update  audit table  before the DML operation on the table ,No db found
DataLakeHRISToBase_PER_PERSON_ANALYSES_B0,spBeginAuditLog,INSERT INTO AuditLog,No db found
DataLakeHRISToBase_PER_PERSON_ANALYSES_B0,spEndAuditLog,update  audit table after the DML operation on the table,No db found
DataLakeHRISToBase_PER_PERSON_ANALYSES_B0,spEndAuditLog,FROM AuditLog,No db found
DataLakeHRISToBase_PER_PERSON_ANALYSES_B0,spEndAuditLog,UPDATE	AuditLog,No db found
DataLakeHRISToBase_PER_PERSON_TYPES_B0,spBeginAuditLog,update  audit table  before the DML operation on the table ,No db found
DataLakeHRISToBase_PER_PERSON_TYPES_B0,spBeginAuditLog,INSERT INTO AuditLog,No db found
DataLakeHRISToBase_PER_PERSON_TYPES_B0,spEndAuditLog,update  audit table after the DML operation on the table,No db found
DataLakeHRISToBase_PER_PERSON_TYPES_B0,spEndAuditLog,FROM AuditLog,No db found
DataLakeHRISToBase_PER_PERSON_TYPES_B0,spEndAuditLog,UPDATE	AuditLog,No db found
DataLakeHRISToBase_PER_PHONES_B0,spBeginAuditLog,update  audit table  before the DML operation on the table ,No db found
DataLakeHRISToBase_PER_PHONES_B0,spBeginAuditLog,INSERT INTO AuditLog,No db found
DataLakeHRISToBase_PER_PHONES_B0,spEndAuditLog,update  audit table after the DML operation on the table,No db found
DataLakeHRISToBase_PER_PHONES_B0,spEndAuditLog,FROM AuditLog,No db found
DataLakeHRISToBase_PER_PHONES_B0,spEndAuditLog,UPDATE	AuditLog,No db found
DataLakeHRISToBase_PER_QUALIFICATIONS_B0,spBeginAuditLog,update  audit table  before the DML operation on the table ,No db found
DataLakeHRISToBase_PER_QUALIFICATIONS_B0,spBeginAuditLog,INSERT INTO AuditLog,No db found
DataLakeHRISToBase_PER_QUALIFICATIONS_B0,spEndAuditLog,update  audit table after the DML operation on the table,No db found
DataLakeHRISToBase_PER_QUALIFICATIONS_B0,spEndAuditLog,FROM AuditLog,No db found
DataLakeHRISToBase_PER_QUALIFICATIONS_B0,spEndAuditLog,UPDATE	AuditLog,No db found
DataLakeHRISToBase_PER_QUALIFICATION_TYPES_B0,spBeginAuditLog,update  audit table  before the DML operation on the table ,No db found
DataLakeHRISToBase_PER_QUALIFICATION_TYPES_B0,spBeginAuditLog,INSERT INTO AuditLog,No db found
DataLakeHRISToBase_PER_QUALIFICATION_TYPES_B0,spEndAuditLog,update  audit table after the DML operation on the table,No db found
DataLakeHRISToBase_PER_QUALIFICATION_TYPES_B0,spEndAuditLog,FROM AuditLog,No db found
DataLakeHRISToBase_PER_QUALIFICATION_TYPES_B0,spEndAuditLog,UPDATE	AuditLog,No db found
DataLakeHRISToBase_PositionBN,spBeginAuditLog,update  audit table  before the DML operation on the table ,No db found
DataLakeHRISToBase_PositionBN,spBeginAuditLog,INSERT INTO AuditLog,No db found
DataLakeHRISToBase_PositionBN,spEndAuditLog,update  audit table after the DML operation on the table,No db found
DataLakeHRISToBase_PositionBN,spEndAuditLog,FROM AuditLog,No db found
DataLakeHRISToBase_PositionBN,spEndAuditLog,UPDATE	AuditLog,No db found
DataLakeHRISToBase_TerminationBN,spBeginAuditLog,update  audit table  before the DML operation on the table ,No db found
DataLakeHRISToBase_TerminationBN,spBeginAuditLog,INSERT INTO AuditLog,No db found
DataLakeHRISToBase_TerminationBN,spEndAuditLog,update  audit table after the DML operation on the table,No db found
DataLakeHRISToBase_TerminationBN,spEndAuditLog,FROM AuditLog,No db found
DataLakeHRISToBase_TerminationBN,spEndAuditLog,UPDATE	AuditLog,No db found
DataLakeHRISToBase_TimeInBN,spBeginAuditLog,update  audit table  before the DML operation on the table ,No db found
DataLakeHRISToBase_TimeInBN,spBeginAuditLog,INSERT INTO AuditLog,No db found
DataLakeHRISToBase_TimeInBN,spEndAuditLog,update  audit table after the DML operation on the table,No db found
DataLakeHRISToBase_TimeInBN,spEndAuditLog,FROM AuditLog,No db found
DataLakeHRISToBase_TimeInBN,spEndAuditLog,UPDATE	AuditLog,No db found
DWMartIncrementalLoad_ARBalance,spEndAuditLog,update  audit table after the DML operation on the table,No db found
DWMartIncrementalLoad_ARBalance,spEndAuditLog,FROM AuditLog,No db found
DWMartIncrementalLoad_ARBalance,spEndAuditLog,UPDATE	AuditLog,No db found
DWMartIncrementalLoad_ARBalance,spBeginAuditLog,update  audit table  before the DML operation on the table ,No db found
DWMartIncrementalLoad_ARBalance,spBeginAuditLog,INSERT INTO AuditLog,No db found
DWMartIncrementalLoad_Calculated,spEndAuditLog,update  audit table after the DML operation on the table,No db found
DWMartIncrementalLoad_Calculated,spEndAuditLog,FROM AuditLog,No db found
DWMartIncrementalLoad_Calculated,spEndAuditLog,UPDATE	AuditLog,No db found
DWMartIncrementalLoad_Calculated,spBeginAuditLog,update  audit table  before the DML operation on the table ,No db found
DWMartIncrementalLoad_Calculated,spBeginAuditLog,INSERT INTO AuditLog,No db found
DWMartIncrementalLoad_Calculated,spFactWeeklyMeasureLoad_Calculated,from DW_Landing.[CalculatedLanding],DW_Landing
DWMartIncrementalLoad_Calculated,spFactWeeklyMeasureLoad_Calculated,INSERT INTO [dbo].[FactWeeklyMeasure],[dbo]
DWMartIncrementalLoad_Calculated,spFactWeeklyMeasureLoad_Calculated,FROM [DW_Landing].[dbo].[CalculatedLanding] as a,[DW_Landing]
DWMartIncrementalLoad_Calculated,spFactWeeklyMeasureLoad_Calculated,join [dbo].[DimCostCenter] as b on a.CostCenterNumber,[dbo]
DWMartIncrementalLoad_Calculated,spFactWeeklyMeasureLoad_Calculated,From and EDWEffectiveTo,No db found
DWMartIncrementalLoad_Calculated,spFactWeeklyMeasureLoad_Calculated,join [dbo].[DimDataScenario] as c on a.[DataScenarioName],[dbo]
DWMartIncrementalLoad_Calculated,spFactWeeklyMeasureLoad_Calculated,join [dbo].[DimMeasure] as d on a.[MeasureName],[dbo]
DWMartIncrementalLoad_CenterStatusSnapshot,spEndAuditLog,update  audit table after the DML operation on the table,No db found
DWMartIncrementalLoad_CenterStatusSnapshot,spEndAuditLog,FROM AuditLog,No db found
DWMartIncrementalLoad_CenterStatusSnapshot,spEndAuditLog,UPDATE	AuditLog,No db found
DWMartIncrementalLoad_CenterStatusSnapshot,spBeginAuditLog,update  audit table  before the DML operation on the table ,No db found
DWMartIncrementalLoad_CenterStatusSnapshot,spBeginAuditLog,INSERT INTO AuditLog,No db found
DWMartIncrementalLoad_DailyFTE,spEndAuditLog,update  audit table after the DML operation on the table,No db found
DWMartIncrementalLoad_DailyFTE,spEndAuditLog,FROM AuditLog,No db found
DWMartIncrementalLoad_DailyFTE,spEndAuditLog,UPDATE	AuditLog,No db found
DWMartIncrementalLoad_DailyFTE,spBeginAuditLog,update  audit table  before the DML operation on the table ,No db found
DWMartIncrementalLoad_DailyFTE,spBeginAuditLog,INSERT INTO AuditLog,No db found
DWMartIncrementalLoad_DailyNetRevenue,spEndAuditLog,update  audit table after the DML operation on the table,No db found
DWMartIncrementalLoad_DailyNetRevenue,spEndAuditLog,FROM AuditLog,No db found
DWMartIncrementalLoad_DailyNetRevenue,spEndAuditLog,UPDATE	AuditLog,No db found
DWMartIncrementalLoad_DailyNetRevenue,spBeginAuditLog,update  audit table  before the DML operation on the table ,No db found
DWMartIncrementalLoad_DailyNetRevenue,spBeginAuditLog,INSERT INTO AuditLog,No db found
DWMartIncrementalLoad_DimCostCenter,spBeginAuditLog,update  audit table  before the DML operation on the table ,No db found
DWMartIncrementalLoad_DimCostCenter,spBeginAuditLog,INSERT INTO AuditLog,No db found
DWMartIncrementalLoad_DimCostCenter,spEndAuditLog,update  audit table after the DML operation on the table,No db found
DWMartIncrementalLoad_DimCostCenter,spEndAuditLog,FROM AuditLog,No db found
DWMartIncrementalLoad_DimCostCenter,spEndAuditLog,UPDATE	AuditLog,No db found
DWMartIncrementalLoad_DimDataScenario,spEndAuditLog,update  audit table after the DML operation on the table,No db found
DWMartIncrementalLoad_DimDataScenario,spEndAuditLog,FROM AuditLog,No db found
DWMartIncrementalLoad_DimDataScenario,spEndAuditLog,UPDATE	AuditLog,No db found
DWMartIncrementalLoad_DimDataScenario,spBeginAuditLog,update  audit table  before the DML operation on the table ,No db found
DWMartIncrementalLoad_DimDataScenario,spBeginAuditLog,INSERT INTO AuditLog,No db found
DWMartIncrementalLoad_DimMeasure,spBeginAuditLog,update  audit table  before the DML operation on the table ,No db found
DWMartIncrementalLoad_DimMeasure,spBeginAuditLog,INSERT INTO AuditLog,No db found
DWMartIncrementalLoad_DimMeasure,spEndAuditLog,update  audit table after the DML operation on the table,No db found
DWMartIncrementalLoad_DimMeasure,spEndAuditLog,FROM AuditLog,No db found
DWMartIncrementalLoad_DimMeasure,spEndAuditLog,UPDATE	AuditLog,No db found
DWMartIncrementalLoad_DimTimeCalculation,spEndAuditLog,update  audit table after the DML operation on the table,No db found
DWMartIncrementalLoad_DimTimeCalculation,spEndAuditLog,FROM AuditLog,No db found
DWMartIncrementalLoad_DimTimeCalculation,spEndAuditLog,UPDATE	AuditLog,No db found
DWMartIncrementalLoad_DimTimeCalculation,spBeginAuditLog,update  audit table  before the DML operation on the table ,No db found
DWMartIncrementalLoad_DimTimeCalculation,spBeginAuditLog,INSERT INTO AuditLog,No db found
DWMartIncrementalLoad_FTESnapshot,spEndAuditLog,update  audit table after the DML operation on the table,No db found
DWMartIncrementalLoad_FTESnapshot,spEndAuditLog,FROM AuditLog,No db found
DWMartIncrementalLoad_FTESnapshot,spEndAuditLog,UPDATE	AuditLog,No db found
DWMartIncrementalLoad_FTESnapshot,spBeginAuditLog,update  audit table  before the DML operation on the table ,No db found
DWMartIncrementalLoad_FTESnapshot,spBeginAuditLog,INSERT INTO AuditLog,No db found
DWMartIncrementalLoad_FTESnapshot,spFactWeeklyMeasureLoad_FTESnapshot,from DW_Landing.[FTESnapshotLanding],DW_Landing
DWMartIncrementalLoad_FTESnapshot,spFactWeeklyMeasureLoad_FTESnapshot,INSERT INTO [dbo].[FactWeeklyMeasure],[dbo]
DWMartIncrementalLoad_FTESnapshot,spFactWeeklyMeasureLoad_FTESnapshot,FROM [DW_Landing].[dbo].[FTESnapshotLanding] as a,[DW_Landing]
DWMartIncrementalLoad_FTESnapshot,spFactWeeklyMeasureLoad_FTESnapshot,join [dbo].[DimCostCenter] as b on a.CostCenterNumber,[dbo]
DWMartIncrementalLoad_FTESnapshot,spFactWeeklyMeasureLoad_FTESnapshot,From and EDWEffectiveTo,No db found
DWMartIncrementalLoad_FTESnapshot,spFactWeeklyMeasureLoad_FTESnapshot,join [dbo].[DimDataScenario] as c on a.[DataScenarioName],[dbo]
DWMartIncrementalLoad_FTESnapshot,spFactWeeklyMeasureLoad_FTESnapshot,join [dbo].[DimMeasure] as d on a.[MeasureName],[dbo]
DWMartIncrementalLoad_GLBalancePlanAllocation_FTE,spEndAuditLog,update  audit table after the DML operation on the table,No db found
DWMartIncrementalLoad_GLBalancePlanAllocation_FTE,spEndAuditLog,FROM AuditLog,No db found
DWMartIncrementalLoad_GLBalancePlanAllocation_FTE,spEndAuditLog,UPDATE	AuditLog,No db found
DWMartIncrementalLoad_GLBalancePlanAllocation_FTE,spBeginAuditLog,update  audit table  before the DML operation on the table ,No db found
DWMartIncrementalLoad_GLBalancePlanAllocation_FTE,spBeginAuditLog,INSERT INTO AuditLog,No db found
DWMartIncrementalLoad_GLBalancePlanAllocation_LaborHours,spEndAuditLog,update  audit table after the DML operation on the table,No db found
DWMartIncrementalLoad_GLBalancePlanAllocation_LaborHours,spEndAuditLog,FROM AuditLog,No db found
DWMartIncrementalLoad_GLBalancePlanAllocation_LaborHours,spEndAuditLog,UPDATE	AuditLog,No db found
DWMartIncrementalLoad_GLBalancePlanAllocation_LaborHours,spBeginAuditLog,update  audit table  before the DML operation on the table ,No db found
DWMartIncrementalLoad_GLBalancePlanAllocation_LaborHours,spBeginAuditLog,INSERT INTO AuditLog,No db found
DWMartIncrementalLoad_GLBalancePlanAllocation_LaborSalary,spEndAuditLog,update  audit table after the DML operation on the table,No db found
DWMartIncrementalLoad_GLBalancePlanAllocation_LaborSalary,spEndAuditLog,FROM AuditLog,No db found
DWMartIncrementalLoad_GLBalancePlanAllocation_LaborSalary,spEndAuditLog,UPDATE	AuditLog,No db found
DWMartIncrementalLoad_GLBalancePlanAllocation_LaborSalary,spBeginAuditLog,update  audit table  before the DML operation on the table ,No db found
DWMartIncrementalLoad_GLBalancePlanAllocation_LaborSalary,spBeginAuditLog,INSERT INTO AuditLog,No db found
DWMartIncrementalLoad_GLBalancePlanAllocation_NetRevenue,spEndAuditLog,update  audit table after the DML operation on the table,No db found
DWMartIncrementalLoad_GLBalancePlanAllocation_NetRevenue,spEndAuditLog,FROM AuditLog,No db found
DWMartIncrementalLoad_GLBalancePlanAllocation_NetRevenue,spEndAuditLog,UPDATE	AuditLog,No db found
DWMartIncrementalLoad_GLBalancePlanAllocation_NetRevenue,spBeginAuditLog,update  audit table  before the DML operation on the table ,No db found
DWMartIncrementalLoad_GLBalancePlanAllocation_NetRevenue,spBeginAuditLog,INSERT INTO AuditLog,No db found
DWMartIncrementalLoad_GLBalancePlanAllocation_NetRevenue,spFactWeeklyMeasureLoad_GLBalancePlanAllocation_NetRevenue,from DW_Landing.[GLBalancePlanAllocation_NetRevenueLanding],DW_Landing
DWMartIncrementalLoad_GLBalancePlanAllocation_NetRevenue,spFactWeeklyMeasureLoad_GLBalancePlanAllocation_NetRevenue,INSERT INTO [dbo].[FactWeeklyMeasure],[dbo]
DWMartIncrementalLoad_GLBalancePlanAllocation_NetRevenue,spFactWeeklyMeasureLoad_GLBalancePlanAllocation_NetRevenue,FROM [DW_Landing].[dbo].[GLBalancePlanAllocation_NetRevenueLanding] as a,[DW_Landing]
DWMartIncrementalLoad_GLBalancePlanAllocation_NetRevenue,spFactWeeklyMeasureLoad_GLBalancePlanAllocation_NetRevenue,join [dbo].[DimCostCenter] as b on a.CostCenterNumber,[dbo]
DWMartIncrementalLoad_GLBalancePlanAllocation_NetRevenue,spFactWeeklyMeasureLoad_GLBalancePlanAllocation_NetRevenue,From and EDWEffectiveTo,No db found
DWMartIncrementalLoad_GLBalancePlanAllocation_NetRevenue,spFactWeeklyMeasureLoad_GLBalancePlanAllocation_NetRevenue,join [dbo].[DimDataScenario] as c on a.[DataScenarioName],[dbo]
DWMartIncrementalLoad_GLBalancePlanAllocation_NetRevenue,spFactWeeklyMeasureLoad_GLBalancePlanAllocation_NetRevenue,join [dbo].[DimMeasure] as d on a.[MeasureName],[dbo]
DWMartIncrementalLoad_LaborHours,spEndAuditLog,update  audit table after the DML operation on the table,No db found
DWMartIncrementalLoad_LaborHours,spEndAuditLog,FROM AuditLog,No db found
DWMartIncrementalLoad_LaborHours,spEndAuditLog,UPDATE	AuditLog,No db found
DWMartIncrementalLoad_LaborHours,spBeginAuditLog,update  audit table  before the DML operation on the table ,No db found
DWMartIncrementalLoad_LaborHours,spBeginAuditLog,INSERT INTO AuditLog,No db found
DWMartIncrementalLoad_LaborHours,spFactWeeklyMeasureLoad_LaborHours,from DW_Landing.[LaborHoursLanding],DW_Landing
DWMartIncrementalLoad_LaborHours,spFactWeeklyMeasureLoad_LaborHours,INSERT INTO [dbo].[FactWeeklyMeasure],[dbo]
DWMartIncrementalLoad_LaborHours,spFactWeeklyMeasureLoad_LaborHours,FROM [DW_Landing].[dbo].[LaborHoursLanding] as a,[DW_Landing]
DWMartIncrementalLoad_LaborHours,spFactWeeklyMeasureLoad_LaborHours,join [dbo].[DimCostCenter] as b on a.CostCenterNumber,[dbo]
DWMartIncrementalLoad_LaborHours,spFactWeeklyMeasureLoad_LaborHours,From and EDWEffectiveTo,No db found
DWMartIncrementalLoad_LaborHours,spFactWeeklyMeasureLoad_LaborHours,join [dbo].[DimDataScenario] as c on a.[DataScenarioName],[dbo]
DWMartIncrementalLoad_LaborHours,spFactWeeklyMeasureLoad_LaborHours,join [dbo].[DimMeasure] as d on a.[MeasureName],[dbo]
DWMartIncrementalLoad_LaborSalary,spEndAuditLog,update  audit table after the DML operation on the table,No db found
DWMartIncrementalLoad_LaborSalary,spEndAuditLog,FROM AuditLog,No db found
DWMartIncrementalLoad_LaborSalary,spEndAuditLog,UPDATE	AuditLog,No db found
DWMartIncrementalLoad_LaborSalary,spBeginAuditLog,update  audit table  before the DML operation on the table ,No db found
DWMartIncrementalLoad_LaborSalary,spBeginAuditLog,INSERT INTO AuditLog,No db found
DWMartIncrementalLoad_LeadEvent,spEndAuditLog,update  audit table after the DML operation on the table,No db found
DWMartIncrementalLoad_LeadEvent,spEndAuditLog,FROM AuditLog,No db found
DWMartIncrementalLoad_LeadEvent,spEndAuditLog,UPDATE	AuditLog,No db found
DWMartIncrementalLoad_LeadEvent,spBeginAuditLog,update  audit table  before the DML operation on the table ,No db found
DWMartIncrementalLoad_LeadEvent,spBeginAuditLog,INSERT INTO AuditLog,No db found
DWMartIncrementalLoad_LeadEvent,spupdate_FactWeeklyMeasure_Dimkey,Update Lead Event dimention keys,No db found
DWMartIncrementalLoad_LeadEvent,spupdate_FactWeeklyMeasure_Dimkey,INSERT INTO [dbo].[FactWeeklyMeasure],[dbo]
DWMartIncrementalLoad_LeadEvent,spupdate_FactWeeklyMeasure_Dimkey,FROM [DW_Landing].[dbo].[FactWeeklyMeasureLanding] as a,[DW_Landing]
DWMartIncrementalLoad_LeadEvent,spupdate_FactWeeklyMeasure_Dimkey,join [dbo].[dimcostcenter] as b on a.Costcenternumber,[dbo]
DWMartIncrementalLoad_LeadEvent,spupdate_FactWeeklyMeasure_Dimkey,From and EDWEffectiveTo,No db found
DWMartIncrementalLoad_LeadEvent,spupdate_FactWeeklyMeasure_Dimkey,join [dbo].[dimdatascenario] as c on a.[datascenarioname],[dbo]
DWMartIncrementalLoad_LeadEvent,spupdate_FactWeeklyMeasure_Dimkey,join [dbo].[dimmeasure] as d on a.[measurename],[dbo]
DWMartIncrementalLoad_LifeCycleStatus,spEndAuditLog,update  audit table after the DML operation on the table,No db found
DWMartIncrementalLoad_LifeCycleStatus,spEndAuditLog,FROM AuditLog,No db found
DWMartIncrementalLoad_LifeCycleStatus,spEndAuditLog,UPDATE	AuditLog,No db found
DWMartIncrementalLoad_LifeCycleStatus,spBeginAuditLog,update  audit table  before the DML operation on the table ,No db found
DWMartIncrementalLoad_LifeCycleStatus,spBeginAuditLog,INSERT INTO AuditLog,No db found
DWMartIncrementalLoad_NetRevenue,spEndAuditLog,update  audit table after the DML operation on the table,No db found
DWMartIncrementalLoad_NetRevenue,spEndAuditLog,FROM AuditLog,No db found
DWMartIncrementalLoad_NetRevenue,spEndAuditLog,UPDATE	AuditLog,No db found
DWMartIncrementalLoad_NetRevenue,spBeginAuditLog,update  audit table  before the DML operation on the table ,No db found
DWMartIncrementalLoad_NetRevenue,spBeginAuditLog,INSERT INTO AuditLog,No db found
DWMartIncrementalLoad_ReportMeasure,spEndAuditLog,update  audit table after the DML operation on the table,No db found
DWMartIncrementalLoad_ReportMeasure,spEndAuditLog,FROM AuditLog,No db found
DWMartIncrementalLoad_ReportMeasure,spEndAuditLog,UPDATE	AuditLog,No db found
DWMartIncrementalLoad_ReportMeasure,spBeginAuditLog,update  audit table  before the DML operation on the table ,No db found
DWMartIncrementalLoad_ReportMeasure,spBeginAuditLog,INSERT INTO AuditLog,No db found
DWMartIncrementalLoad_ReportProfile,spEndAuditLog,update  audit table after the DML operation on the table,No db found
DWMartIncrementalLoad_ReportProfile,spEndAuditLog,FROM AuditLog,No db found
DWMartIncrementalLoad_ReportProfile,spEndAuditLog,UPDATE	AuditLog,No db found
DWMartIncrementalLoad_ReportProfile,spBeginAuditLog,update  audit table  before the DML operation on the table ,No db found
DWMartIncrementalLoad_ReportProfile,spBeginAuditLog,INSERT INTO AuditLog,No db found
StagingtoEDWCSS_DimARAgencyTypeCSS,spCSS_StagingToEDW_DimARAgencyType,from Staging to BING_EDW.,BING_EDW
StagingtoEDWCSS_DimARAgencyTypeCSS,spCSS_StagingToEDW_DimARAgencyType,from Source by calling,No db found
StagingtoEDWCSS_DimARAgencyTypeCSS,spCSS_StagingToEDW_DimARAgencyType,from source,No db found
StagingtoEDWCSS_DimARAgencyTypeCSS,spCSS_StagingToEDW_DimARAgencyType,from SSIS DFT to Stored Proc as part of,No db found
StagingtoEDWCSS_DimARAgencyTypeCSS,spCSS_StagingToEDW_DimARAgencyType,DECLARE @ProcName NVARCHAR,No db found
StagingtoEDWCSS_DimARAgencyTypeCSS,spCSS_StagingToEDW_DimARAgencyType,DECLARE @DebugMsg NVARCHAR,No db found
StagingtoEDWCSS_DimARAgencyTypeCSS,spCSS_StagingToEDW_DimARAgencyType,DECLARE @SourceName VARCHAR,No db found
StagingtoEDWCSS_DimARAgencyTypeCSS,spCSS_StagingToEDW_DimARAgencyType,DECLARE @AuditId BIGINT,No db found
StagingtoEDWCSS_DimARAgencyTypeCSS,spCSS_StagingToEDW_DimARAgencyType,DECLARE @RowCount INT,No db found
StagingtoEDWCSS_DimARAgencyTypeCSS,spCSS_StagingToEDW_DimARAgencyType,DECLARE @Error INT,No db found
StagingtoEDWCSS_DimARAgencyTypeCSS,spCSS_StagingToEDW_DimARAgencyType,DECLARE @SourceCount INT,No db found
StagingtoEDWCSS_DimARAgencyTypeCSS,spCSS_StagingToEDW_DimARAgencyType,DECLARE @InsertCount INT,No db found
StagingtoEDWCSS_DimARAgencyTypeCSS,spCSS_StagingToEDW_DimARAgencyType,DECLARE @UpdateCount INT,No db found
StagingtoEDWCSS_DimARAgencyTypeCSS,spCSS_StagingToEDW_DimARAgencyType,DECLARE @DeleteCount INT,No db found
StagingtoEDWCSS_DimARAgencyTypeCSS,spCSS_StagingToEDW_DimARAgencyType,DECLARE @tblMergeActions TABLE,No db found
StagingtoEDWCSS_DimARAgencyTypeCSS,spCSS_StagingToEDW_DimARAgencyType,DECLARE @tblDeleteActions TABLE,No db found
StagingtoEDWCSS_DimARAgencyTypeCSS,spCSS_StagingToEDW_DimARAgencyType,FROM Source,No db found
StagingtoEDWCSS_DimARAgencyTypeCSS,spCSS_StagingToEDW_DimARAgencyType,from source ,No db found
StagingtoEDWCSS_DimARAgencyTypeCSS,spCSS_StagingToEDW_DimARAgencyType,from Source.,Source
StagingtoEDWCSS_DimARAgencyTypeCSS,spCSS_StagingToEDW_DimARAgencyType,UPDATE SET,No db found
StagingtoEDWCSS_DimARAgencyTypeCSS,spCSS_StagingToEDW_DimARAgencyType,"FROM
             ",No db found
StagingtoEDWCSS_DimARAgencyTypeCSS,spCSS_StagingToEDW_DimARAgencyType,FROM @tblMergeActions,No db found
StagingtoEDWCSS_DimARAgencyTypeCSS,spCSS_StagingToEDW_DimARAgencyType,DECLARE @ErrMsg NVARCHAR,No db found
StagingtoEDWCSS_DimDiscountTypeCSS,spCSS_StagingTransform_DimDiscountType,from SSIS DFT to stored proc,No db found
StagingtoEDWCSS_DimDiscountTypeCSS,spCSS_StagingTransform_DimDiscountType,DECLARE @ProcName NVARCHAR,No db found
StagingtoEDWCSS_DimDiscountTypeCSS,spCSS_StagingTransform_DimDiscountType,DECLARE @DebugMsg NVARCHAR,No db found
StagingtoEDWCSS_DimDiscountTypeCSS,spCSS_StagingTransform_DimDiscountType,from the Staging database source,No db found
StagingtoEDWCSS_DimDiscountTypeCSS,spCSS_StagingTransform_DimDiscountType,FROM LookupTransactionCode,No db found
StagingtoEDWCSS_DimDiscountTypeCSS,spCSS_StagingTransform_DimDiscountType,DECLARE @ErrMsg NVARCHAR,No db found
StagingtoEDWCSS_DimFeeTypeCSS,spCSS_StagingToEDW_DimFeeType,from Staging to BING_EDW.,BING_EDW
StagingtoEDWCSS_DimFeeTypeCSS,spCSS_StagingToEDW_DimFeeType,from Source by calling,No db found
StagingtoEDWCSS_DimFeeTypeCSS,spCSS_StagingToEDW_DimFeeType,from source,No db found
StagingtoEDWCSS_DimFeeTypeCSS,spCSS_StagingToEDW_DimFeeType,from SSIS DFT to stored proc,No db found
StagingtoEDWCSS_DimFeeTypeCSS,spCSS_StagingToEDW_DimFeeType,DECLARE @ProcName NVARCHAR,No db found
StagingtoEDWCSS_DimFeeTypeCSS,spCSS_StagingToEDW_DimFeeType,DECLARE @DebugMsg NVARCHAR,No db found
StagingtoEDWCSS_DimFeeTypeCSS,spCSS_StagingToEDW_DimFeeType,DECLARE @SourceName VARCHAR,No db found
StagingtoEDWCSS_DimFeeTypeCSS,spCSS_StagingToEDW_DimFeeType,DECLARE @AuditId BIGINT,No db found
StagingtoEDWCSS_DimFeeTypeCSS,spCSS_StagingToEDW_DimFeeType,DECLARE @RowCount INT,No db found
StagingtoEDWCSS_DimFeeTypeCSS,spCSS_StagingToEDW_DimFeeType,DECLARE @Error INT,No db found
StagingtoEDWCSS_DimFeeTypeCSS,spCSS_StagingToEDW_DimFeeType,DECLARE @SourceCount INT,No db found
StagingtoEDWCSS_DimFeeTypeCSS,spCSS_StagingToEDW_DimFeeType,DECLARE @InsertCount INT,No db found
StagingtoEDWCSS_DimFeeTypeCSS,spCSS_StagingToEDW_DimFeeType,DECLARE @UpdateCount INT,No db found
StagingtoEDWCSS_DimFeeTypeCSS,spCSS_StagingToEDW_DimFeeType,DECLARE @DeleteCount INT,No db found
StagingtoEDWCSS_DimFeeTypeCSS,spCSS_StagingToEDW_DimFeeType,DECLARE @tblMergeActions TABLE,No db found
StagingtoEDWCSS_DimFeeTypeCSS,spCSS_StagingToEDW_DimFeeType,DECLARE @tblDeleteActions TABLE,No db found
StagingtoEDWCSS_DimFeeTypeCSS,spCSS_StagingToEDW_DimFeeType,FROM Source,No db found
StagingtoEDWCSS_DimFeeTypeCSS,spCSS_StagingToEDW_DimFeeType,from source ,No db found
StagingtoEDWCSS_DimFeeTypeCSS,spCSS_StagingToEDW_DimFeeType,from Source.,Source
StagingtoEDWCSS_DimFeeTypeCSS,spCSS_StagingToEDW_DimFeeType,UPDATE SET,No db found
StagingtoEDWCSS_DimFeeTypeCSS,spCSS_StagingToEDW_DimFeeType,"FROM
             ",No db found
StagingtoEDWCSS_DimFeeTypeCSS,spCSS_StagingToEDW_DimFeeType,FROM @tblMergeActions,No db found
StagingtoEDWCSS_DimFeeTypeCSS,spCSS_StagingToEDW_DimFeeType,DECLARE @ErrMsg NVARCHAR,No db found
StagingtoEDWCSS_DimMartSponsorCSS,spBeginAuditLog,update  audit table  before the DML operation on the table ,No db found
StagingtoEDWCSS_DimMartSponsorCSS,spBeginAuditLog,INSERT INTO AuditLog,No db found
StagingtoEDWCSS_DimMartSponsorCSS,spEndAuditLog,update  audit table after the DML operation on the table,No db found
StagingtoEDWCSS_DimMartSponsorCSS,spEndAuditLog,FROM AuditLog,No db found
StagingtoEDWCSS_DimMartSponsorCSS,spEndAuditLog,UPDATE	AuditLog,No db found
StagingtoEDWCSS_DimMartStudentCSS,spBeginAuditLog,update  audit table  before the DML operation on the table ,No db found
StagingtoEDWCSS_DimMartStudentCSS,spBeginAuditLog,INSERT INTO AuditLog,No db found
StagingtoEDWCSS_DimMartStudentCSS,spEndAuditLog,update  audit table after the DML operation on the table,No db found
StagingtoEDWCSS_DimMartStudentCSS,spEndAuditLog,FROM AuditLog,No db found
StagingtoEDWCSS_DimMartStudentCSS,spEndAuditLog,UPDATE	AuditLog,No db found
StagingtoEDWCSS_DimMartTuitionAssistanceProviderCSS,spBeginAuditLog,update  audit table  before the DML operation on the table ,No db found
StagingtoEDWCSS_DimMartTuitionAssistanceProviderCSS,spBeginAuditLog,INSERT INTO AuditLog,No db found
StagingtoEDWCSS_DimMartTuitionAssistanceProviderCSS,spEndAuditLog,update  audit table after the DML operation on the table,No db found
StagingtoEDWCSS_DimMartTuitionAssistanceProviderCSS,spEndAuditLog,FROM AuditLog,No db found
StagingtoEDWCSS_DimMartTuitionAssistanceProviderCSS,spEndAuditLog,UPDATE	AuditLog,No db found
StagingtoEDWCSS_DimPaymentTypeCSS,spCSS_StagingToEDW_DimPaymentType,from Staging to BING_EDW.,BING_EDW
StagingtoEDWCSS_DimPaymentTypeCSS,spCSS_StagingToEDW_DimPaymentType,from Source by calling,No db found
StagingtoEDWCSS_DimPaymentTypeCSS,spCSS_StagingToEDW_DimPaymentType,from source,No db found
StagingtoEDWCSS_DimPaymentTypeCSS,spCSS_StagingToEDW_DimPaymentType,from SSIS DFT to stored proc,No db found
StagingtoEDWCSS_DimPaymentTypeCSS,spCSS_StagingToEDW_DimPaymentType,DECLARE @ProcName NVARCHAR,No db found
StagingtoEDWCSS_DimPaymentTypeCSS,spCSS_StagingToEDW_DimPaymentType,DECLARE @DebugMsg NVARCHAR,No db found
StagingtoEDWCSS_DimPaymentTypeCSS,spCSS_StagingToEDW_DimPaymentType,DECLARE @SourceName VARCHAR,No db found
StagingtoEDWCSS_DimPaymentTypeCSS,spCSS_StagingToEDW_DimPaymentType,DECLARE @AuditId BIGINT,No db found
StagingtoEDWCSS_DimPaymentTypeCSS,spCSS_StagingToEDW_DimPaymentType,DECLARE @RowCount INT,No db found
StagingtoEDWCSS_DimPaymentTypeCSS,spCSS_StagingToEDW_DimPaymentType,DECLARE @Error INT,No db found
StagingtoEDWCSS_DimPaymentTypeCSS,spCSS_StagingToEDW_DimPaymentType,DECLARE @SourceCount INT,No db found
StagingtoEDWCSS_DimPaymentTypeCSS,spCSS_StagingToEDW_DimPaymentType,DECLARE @InsertCount INT,No db found
StagingtoEDWCSS_DimPaymentTypeCSS,spCSS_StagingToEDW_DimPaymentType,DECLARE @UpdateCount INT,No db found
StagingtoEDWCSS_DimPaymentTypeCSS,spCSS_StagingToEDW_DimPaymentType,DECLARE @DeleteCount INT,No db found
StagingtoEDWCSS_DimPaymentTypeCSS,spCSS_StagingToEDW_DimPaymentType,DECLARE @tblMergeActions TABLE,No db found
StagingtoEDWCSS_DimPaymentTypeCSS,spCSS_StagingToEDW_DimPaymentType,DECLARE @tblDeleteActions TABLE,No db found
StagingtoEDWCSS_DimPaymentTypeCSS,spCSS_StagingToEDW_DimPaymentType,FROM Source,No db found
StagingtoEDWCSS_DimPaymentTypeCSS,spCSS_StagingToEDW_DimPaymentType,from source ,No db found
StagingtoEDWCSS_DimPaymentTypeCSS,spCSS_StagingToEDW_DimPaymentType,from Source.,Source
StagingtoEDWCSS_DimPaymentTypeCSS,spCSS_StagingToEDW_DimPaymentType,UPDATE SET,No db found
StagingtoEDWCSS_DimPaymentTypeCSS,spCSS_StagingToEDW_DimPaymentType,"FROM
             ",No db found
StagingtoEDWCSS_DimPaymentTypeCSS,spCSS_StagingToEDW_DimPaymentType,FROM @tblMergeActions,No db found
StagingtoEDWCSS_DimPaymentTypeCSS,spCSS_StagingToEDW_DimPaymentType,DECLARE @ErrMsg NVARCHAR,No db found
StagingtoEDWCSS_DimProgramCSS,spCSS_StagingTransform_DimProgram,from SSIS DFT to stored proc,No db found
StagingtoEDWCSS_DimProgramCSS,spCSS_StagingTransform_DimProgram,DECLARE @ProcName NVARCHAR,No db found
StagingtoEDWCSS_DimProgramCSS,spCSS_StagingTransform_DimProgram,DECLARE @DebugMsg NVARCHAR,No db found
StagingtoEDWCSS_DimProgramCSS,spCSS_StagingTransform_DimProgram,from the Staging database source,No db found
StagingtoEDWCSS_DimProgramCSS,spCSS_StagingTransform_DimProgram,FROM dbo.LookupTransactionCode,dbo
StagingtoEDWCSS_DimProgramCSS,spCSS_StagingTransform_DimProgram,DECLARE @ErrMsg NVARCHAR,No db found
StagingtoEDWCSS_DimSessionCSS,spCSS_StagingToEDW_DimSession,from Staging to BING_EDW.,BING_EDW
StagingtoEDWCSS_DimSessionCSS,spCSS_StagingToEDW_DimSession,from Source by calling,No db found
StagingtoEDWCSS_DimSessionCSS,spCSS_StagingToEDW_DimSession,from source,No db found
StagingtoEDWCSS_DimSessionCSS,spCSS_StagingToEDW_DimSession,from SSIS DFT to stored proc,No db found
StagingtoEDWCSS_DimSessionCSS,spCSS_StagingToEDW_DimSession,DECLARE @ProcName NVARCHAR,No db found
StagingtoEDWCSS_DimSessionCSS,spCSS_StagingToEDW_DimSession,DECLARE @DebugMsg NVARCHAR,No db found
StagingtoEDWCSS_DimSessionCSS,spCSS_StagingToEDW_DimSession,DECLARE @SourceName VARCHAR,No db found
StagingtoEDWCSS_DimSessionCSS,spCSS_StagingToEDW_DimSession,DECLARE @AuditId BIGINT,No db found
StagingtoEDWCSS_DimSessionCSS,spCSS_StagingToEDW_DimSession,DECLARE @RowCount INT,No db found
StagingtoEDWCSS_DimSessionCSS,spCSS_StagingToEDW_DimSession,DECLARE @Error INT,No db found
StagingtoEDWCSS_DimSessionCSS,spCSS_StagingToEDW_DimSession,DECLARE @SourceCount INT,No db found
StagingtoEDWCSS_DimSessionCSS,spCSS_StagingToEDW_DimSession,DECLARE @InsertCount INT,No db found
StagingtoEDWCSS_DimSessionCSS,spCSS_StagingToEDW_DimSession,DECLARE @UpdateCount INT,No db found
StagingtoEDWCSS_DimSessionCSS,spCSS_StagingToEDW_DimSession,DECLARE @DeleteCount INT,No db found
StagingtoEDWCSS_DimSessionCSS,spCSS_StagingToEDW_DimSession,DECLARE @tblMergeActions TABLE,No db found
StagingtoEDWCSS_DimSessionCSS,spCSS_StagingToEDW_DimSession,DECLARE @tblDeleteActions TABLE,No db found
StagingtoEDWCSS_DimSessionCSS,spCSS_StagingToEDW_DimSession,FROM Source,No db found
StagingtoEDWCSS_DimSessionCSS,spCSS_StagingToEDW_DimSession,from source ,No db found
StagingtoEDWCSS_DimSessionCSS,spCSS_StagingToEDW_DimSession,from Source.,Source
StagingtoEDWCSS_DimSessionCSS,spCSS_StagingToEDW_DimSession,UPDATE SET,No db found
StagingtoEDWCSS_DimSessionCSS,spCSS_StagingToEDW_DimSession,"FROM
             ",No db found
StagingtoEDWCSS_DimSessionCSS,spCSS_StagingToEDW_DimSession,FROM @tblMergeActions,No db found
StagingtoEDWCSS_DimSessionCSS,spCSS_StagingToEDW_DimSession,from CSS.,CSS
StagingtoEDWCSS_DimSessionCSS,spCSS_StagingToEDW_DimSession,UPDATE [BING_EDW].[dbo].[DimSession],[BING_EDW]
StagingtoEDWCSS_DimSessionCSS,spCSS_StagingToEDW_DimSession,DECLARE @ErrMsg NVARCHAR,No db found
StagingtoEDWCSS_DimSponsorCSS,spCSS_StagingToEDW_DimSponsor,from Staging to BING_EDW.,BING_EDW
StagingtoEDWCSS_DimSponsorCSS,spCSS_StagingToEDW_DimSponsor,from Source by calling,No db found
StagingtoEDWCSS_DimSponsorCSS,spCSS_StagingToEDW_DimSponsor,DECLARE @ProcName NVARCHAR,No db found
StagingtoEDWCSS_DimSponsorCSS,spCSS_StagingToEDW_DimSponsor,DECLARE @DebugMsg NVARCHAR,No db found
StagingtoEDWCSS_DimSponsorCSS,spCSS_StagingToEDW_DimSponsor,DECLARE @SourceName VARCHAR,No db found
StagingtoEDWCSS_DimSponsorCSS,spCSS_StagingToEDW_DimSponsor,DECLARE @AuditId BIGINT,No db found
StagingtoEDWCSS_DimSponsorCSS,spCSS_StagingToEDW_DimSponsor,DECLARE @RowCount INT,No db found
StagingtoEDWCSS_DimSponsorCSS,spCSS_StagingToEDW_DimSponsor,DECLARE @Error INT,No db found
StagingtoEDWCSS_DimSponsorCSS,spCSS_StagingToEDW_DimSponsor,DECLARE @SourceCount INT,No db found
StagingtoEDWCSS_DimSponsorCSS,spCSS_StagingToEDW_DimSponsor,DECLARE @InsertCount INT,No db found
StagingtoEDWCSS_DimSponsorCSS,spCSS_StagingToEDW_DimSponsor,DECLARE @UpdateCount INT,No db found
StagingtoEDWCSS_DimSponsorCSS,spCSS_StagingToEDW_DimSponsor,DECLARE @DeleteCount INT,No db found
StagingtoEDWCSS_DimSponsorCSS,spCSS_StagingToEDW_DimSponsor,DECLARE @tblMergeActions TABLE,No db found
StagingtoEDWCSS_DimSponsorCSS,spCSS_StagingToEDW_DimSponsor,DECLARE @tblDeleteActions TABLE,No db found
StagingtoEDWCSS_DimSponsorCSS,spCSS_StagingToEDW_DimSponsor,from Source,No db found
StagingtoEDWCSS_DimSponsorCSS,spCSS_StagingToEDW_DimSponsor,from source ,No db found
StagingtoEDWCSS_DimSponsorCSS,spCSS_StagingToEDW_DimSponsor,from Source.,Source
StagingtoEDWCSS_DimSponsorCSS,spCSS_StagingToEDW_DimSponsor,UPDATE SET,No db found
StagingtoEDWCSS_DimSponsorCSS,spCSS_StagingToEDW_DimSponsor,"FROM
             ",No db found
StagingtoEDWCSS_DimSponsorCSS,spCSS_StagingToEDW_DimSponsor,FROM @tblMergeActions,No db found
StagingtoEDWCSS_DimSponsorCSS,spCSS_StagingToEDW_DimSponsor,"FROM
     ",No db found
StagingtoEDWCSS_DimSponsorCSS,spCSS_StagingToEDW_DimSponsor,FROM @tblDeleteActions,No db found
StagingtoEDWCSS_DimSponsorCSS,spCSS_StagingToEDW_DimSponsor,from into Target.,Target
StagingtoEDWCSS_DimSponsorCSS,spCSS_StagingToEDW_DimSponsor,DECLARE @ErrMsg NVARCHAR,No db found
StagingtoEDWCSS_DimStudentCSS,spCSS_StagingToEDW_DimStudent,from Staging to BING_EDW.,BING_EDW
StagingtoEDWCSS_DimStudentCSS,spCSS_StagingToEDW_DimStudent,from Source by calling,No db found
StagingtoEDWCSS_DimStudentCSS,spCSS_StagingToEDW_DimStudent,from step 3,No db found
StagingtoEDWCSS_DimStudentCSS,spCSS_StagingToEDW_DimStudent,from source,No db found
StagingtoEDWCSS_DimStudentCSS,spCSS_StagingToEDW_DimStudent,from SSIS DFT to stored proc,No db found
StagingtoEDWCSS_DimStudentCSS,spCSS_StagingToEDW_DimStudent,DECLARE @ProcName NVARCHAR,No db found
StagingtoEDWCSS_DimStudentCSS,spCSS_StagingToEDW_DimStudent,DECLARE @DebugMsg NVARCHAR,No db found
StagingtoEDWCSS_DimStudentCSS,spCSS_StagingToEDW_DimStudent,DECLARE @SourceName VARCHAR,No db found
StagingtoEDWCSS_DimStudentCSS,spCSS_StagingToEDW_DimStudent,DECLARE @AuditId BIGINT,No db found
StagingtoEDWCSS_DimStudentCSS,spCSS_StagingToEDW_DimStudent,DECLARE @RowCount INT,No db found
StagingtoEDWCSS_DimStudentCSS,spCSS_StagingToEDW_DimStudent,DECLARE @Error INT,No db found
StagingtoEDWCSS_DimStudentCSS,spCSS_StagingToEDW_DimStudent,DECLARE @SourceCount INT,No db found
StagingtoEDWCSS_DimStudentCSS,spCSS_StagingToEDW_DimStudent,DECLARE @InsertCount INT,No db found
StagingtoEDWCSS_DimStudentCSS,spCSS_StagingToEDW_DimStudent,DECLARE @UpdateCount INT,No db found
StagingtoEDWCSS_DimStudentCSS,spCSS_StagingToEDW_DimStudent,DECLARE @DeleteCount INT,No db found
StagingtoEDWCSS_DimStudentCSS,spCSS_StagingToEDW_DimStudent,DECLARE @tblMrgeActions_SCD2 TABLE,No db found
StagingtoEDWCSS_DimStudentCSS,spCSS_StagingToEDW_DimStudent,FROM Source,No db found
StagingtoEDWCSS_DimStudentCSS,spCSS_StagingToEDW_DimStudent,from source ,No db found
StagingtoEDWCSS_DimStudentCSS,spCSS_StagingToEDW_DimStudent,from Source.,Source
StagingtoEDWCSS_DimStudentCSS,spCSS_StagingToEDW_DimStudent,update process for changed existing records,No db found
StagingtoEDWCSS_DimStudentCSS,spCSS_StagingToEDW_DimStudent,"from 
             ",No db found
StagingtoEDWCSS_DimStudentCSS,spCSS_StagingToEDW_DimStudent,insert into the target table,No db found
StagingtoEDWCSS_DimStudentCSS,spCSS_StagingToEDW_DimStudent,UPDATE SET,No db found
StagingtoEDWCSS_DimStudentCSS,spCSS_StagingToEDW_DimStudent,from NULL ,No db found
StagingtoEDWCSS_DimStudentCSS,spCSS_StagingToEDW_DimStudent,"FROM
             ",No db found
StagingtoEDWCSS_DimStudentCSS,spCSS_StagingToEDW_DimStudent,FROM @tblMrgeActions_SCD2,No db found
StagingtoEDWCSS_DimStudentCSS,spCSS_StagingToEDW_DimStudent,INSERT INTO BING_EDW.dbo.DimStudent,BING_EDW
StagingtoEDWCSS_DimStudentCSS,spCSS_StagingToEDW_DimStudent,JOIN ,No db found
StagingtoEDWCSS_DimStudentCSS,spCSS_StagingToEDW_DimStudent,from into Target.,Target
StagingtoEDWCSS_DimStudentCSS,spCSS_StagingToEDW_DimStudent,DECLARE @ErrMsg NVARCHAR,No db found
StagingtoEDWCSS_DimTierCSS,spCSS_StagingToEDW_DimTier,from Staging to BING_EDW.,BING_EDW
StagingtoEDWCSS_DimTierCSS,spCSS_StagingToEDW_DimTier,from Source by calling,No db found
StagingtoEDWCSS_DimTierCSS,spCSS_StagingToEDW_DimTier,from source,No db found
StagingtoEDWCSS_DimTierCSS,spCSS_StagingToEDW_DimTier,from SSIS DFT to stored proc,No db found
StagingtoEDWCSS_DimTierCSS,spCSS_StagingToEDW_DimTier,DECLARE @ProcName NVARCHAR,No db found
StagingtoEDWCSS_DimTierCSS,spCSS_StagingToEDW_DimTier,DECLARE @DebugMsg NVARCHAR,No db found
StagingtoEDWCSS_DimTierCSS,spCSS_StagingToEDW_DimTier,DECLARE @SourceName VARCHAR,No db found
StagingtoEDWCSS_DimTierCSS,spCSS_StagingToEDW_DimTier,DECLARE @AuditId BIGINT,No db found
StagingtoEDWCSS_DimTierCSS,spCSS_StagingToEDW_DimTier,DECLARE @RowCount INT,No db found
StagingtoEDWCSS_DimTierCSS,spCSS_StagingToEDW_DimTier,DECLARE @Error INT,No db found
StagingtoEDWCSS_DimTierCSS,spCSS_StagingToEDW_DimTier,DECLARE @SourceCount INT,No db found
StagingtoEDWCSS_DimTierCSS,spCSS_StagingToEDW_DimTier,DECLARE @InsertCount INT,No db found
StagingtoEDWCSS_DimTierCSS,spCSS_StagingToEDW_DimTier,DECLARE @UpdateCount INT,No db found
StagingtoEDWCSS_DimTierCSS,spCSS_StagingToEDW_DimTier,DECLARE @DeleteCount INT,No db found
StagingtoEDWCSS_DimTierCSS,spCSS_StagingToEDW_DimTier,DECLARE @tblMergeActions TABLE,No db found
StagingtoEDWCSS_DimTierCSS,spCSS_StagingToEDW_DimTier,DECLARE @tblDeleteActions TABLE,No db found
StagingtoEDWCSS_DimTierCSS,spCSS_StagingToEDW_DimTier,FROM Source,No db found
StagingtoEDWCSS_DimTierCSS,spCSS_StagingToEDW_DimTier,from source ,No db found
StagingtoEDWCSS_DimTierCSS,spCSS_StagingToEDW_DimTier,from Source.,Source
StagingtoEDWCSS_DimTierCSS,spCSS_StagingToEDW_DimTier,UPDATE SET,No db found
StagingtoEDWCSS_DimTierCSS,spCSS_StagingToEDW_DimTier,"FROM
             ",No db found
StagingtoEDWCSS_DimTierCSS,spCSS_StagingToEDW_DimTier,FROM @tblMergeActions,No db found
StagingtoEDWCSS_DimTierCSS,spCSS_StagingToEDW_DimTier,DECLARE @ErrMsg NVARCHAR,No db found
StagingtoEDWCSS_DimTransactionCodeCSS,spCSS_StagingToEDW_DimTransactionCode,from Staging to BING_EDW.,BING_EDW
StagingtoEDWCSS_DimTransactionCodeCSS,spCSS_StagingToEDW_DimTransactionCode,from Source by calling,No db found
StagingtoEDWCSS_DimTransactionCodeCSS,spCSS_StagingToEDW_DimTransactionCode,from source,No db found
StagingtoEDWCSS_DimTransactionCodeCSS,spCSS_StagingToEDW_DimTransactionCode,from SSIS DFT to stored proc,No db found
StagingtoEDWCSS_DimTransactionCodeCSS,spCSS_StagingToEDW_DimTransactionCode,DECLARE @ProcName NVARCHAR,No db found
StagingtoEDWCSS_DimTransactionCodeCSS,spCSS_StagingToEDW_DimTransactionCode,DECLARE @DebugMsg NVARCHAR,No db found
StagingtoEDWCSS_DimTransactionCodeCSS,spCSS_StagingToEDW_DimTransactionCode,DECLARE @SourceName VARCHAR,No db found
StagingtoEDWCSS_DimTransactionCodeCSS,spCSS_StagingToEDW_DimTransactionCode,DECLARE @AuditId BIGINT,No db found
StagingtoEDWCSS_DimTransactionCodeCSS,spCSS_StagingToEDW_DimTransactionCode,DECLARE @RowCount INT,No db found
StagingtoEDWCSS_DimTransactionCodeCSS,spCSS_StagingToEDW_DimTransactionCode,DECLARE @Error INT,No db found
StagingtoEDWCSS_DimTransactionCodeCSS,spCSS_StagingToEDW_DimTransactionCode,DECLARE @SourceCount INT,No db found
StagingtoEDWCSS_DimTransactionCodeCSS,spCSS_StagingToEDW_DimTransactionCode,DECLARE @InsertCount INT,No db found
StagingtoEDWCSS_DimTransactionCodeCSS,spCSS_StagingToEDW_DimTransactionCode,DECLARE @UpdateCount INT,No db found
StagingtoEDWCSS_DimTransactionCodeCSS,spCSS_StagingToEDW_DimTransactionCode,DECLARE @DeleteCount INT,No db found
StagingtoEDWCSS_DimTransactionCodeCSS,spCSS_StagingToEDW_DimTransactionCode,DECLARE @tblMergeActions TABLE,No db found
StagingtoEDWCSS_DimTransactionCodeCSS,spCSS_StagingToEDW_DimTransactionCode,DECLARE @tblDeleteActions TABLE,No db found
StagingtoEDWCSS_DimTransactionCodeCSS,spCSS_StagingToEDW_DimTransactionCode,FROM Source,No db found
StagingtoEDWCSS_DimTransactionCodeCSS,spCSS_StagingToEDW_DimTransactionCode,from source ,No db found
StagingtoEDWCSS_DimTransactionCodeCSS,spCSS_StagingToEDW_DimTransactionCode,from Source.,Source
StagingtoEDWCSS_DimTransactionCodeCSS,spCSS_StagingToEDW_DimTransactionCode,UPDATE SET,No db found
StagingtoEDWCSS_DimTransactionCodeCSS,spCSS_StagingToEDW_DimTransactionCode,"FROM
             ",No db found
StagingtoEDWCSS_DimTransactionCodeCSS,spCSS_StagingToEDW_DimTransactionCode,FROM @tblMergeActions,No db found
StagingtoEDWCSS_DimTransactionCodeCSS,spCSS_StagingToEDW_DimTransactionCode,DECLARE @ErrMsg NVARCHAR,No db found
StagingtoEDWCSS_DimTuitionAssistanceProviderCSS,spCSS_StagingToEDW_DimTuitionAssistanceProvider,from Staging to BING_EDW.,BING_EDW
StagingtoEDWCSS_DimTuitionAssistanceProviderCSS,spCSS_StagingToEDW_DimTuitionAssistanceProvider,from Source by calling,No db found
StagingtoEDWCSS_DimTuitionAssistanceProviderCSS,spCSS_StagingToEDW_DimTuitionAssistanceProvider,from source,No db found
StagingtoEDWCSS_DimTuitionAssistanceProviderCSS,spCSS_StagingToEDW_DimTuitionAssistanceProvider,from SSIS DFT to Stored Proc as part of,No db found
StagingtoEDWCSS_DimTuitionAssistanceProviderCSS,spCSS_StagingToEDW_DimTuitionAssistanceProvider,DECLARE @ProcName NVARCHAR,No db found
StagingtoEDWCSS_DimTuitionAssistanceProviderCSS,spCSS_StagingToEDW_DimTuitionAssistanceProvider,DECLARE @DebugMsg NVARCHAR,No db found
StagingtoEDWCSS_DimTuitionAssistanceProviderCSS,spCSS_StagingToEDW_DimTuitionAssistanceProvider,DECLARE @SourceName VARCHAR,No db found
StagingtoEDWCSS_DimTuitionAssistanceProviderCSS,spCSS_StagingToEDW_DimTuitionAssistanceProvider,DECLARE @AuditId BIGINT,No db found
StagingtoEDWCSS_DimTuitionAssistanceProviderCSS,spCSS_StagingToEDW_DimTuitionAssistanceProvider,DECLARE @RowCount INT,No db found
StagingtoEDWCSS_DimTuitionAssistanceProviderCSS,spCSS_StagingToEDW_DimTuitionAssistanceProvider,DECLARE @Error INT,No db found
StagingtoEDWCSS_DimTuitionAssistanceProviderCSS,spCSS_StagingToEDW_DimTuitionAssistanceProvider,DECLARE @SourceCount INT,No db found
StagingtoEDWCSS_DimTuitionAssistanceProviderCSS,spCSS_StagingToEDW_DimTuitionAssistanceProvider,DECLARE @InsertCount INT,No db found
StagingtoEDWCSS_DimTuitionAssistanceProviderCSS,spCSS_StagingToEDW_DimTuitionAssistanceProvider,DECLARE @UpdateCount INT,No db found
StagingtoEDWCSS_DimTuitionAssistanceProviderCSS,spCSS_StagingToEDW_DimTuitionAssistanceProvider,DECLARE @DeleteCount INT,No db found
StagingtoEDWCSS_DimTuitionAssistanceProviderCSS,spCSS_StagingToEDW_DimTuitionAssistanceProvider,DECLARE @tblMergeActions TABLE,No db found
StagingtoEDWCSS_DimTuitionAssistanceProviderCSS,spCSS_StagingToEDW_DimTuitionAssistanceProvider,DECLARE @tblDeleteActions TABLE,No db found
StagingtoEDWCSS_DimTuitionAssistanceProviderCSS,spCSS_StagingToEDW_DimTuitionAssistanceProvider,FROM Source,No db found
StagingtoEDWCSS_DimTuitionAssistanceProviderCSS,spCSS_StagingToEDW_DimTuitionAssistanceProvider,from source ,No db found
StagingtoEDWCSS_DimTuitionAssistanceProviderCSS,spCSS_StagingToEDW_DimTuitionAssistanceProvider,from Source.,Source
StagingtoEDWCSS_DimTuitionAssistanceProviderCSS,spCSS_StagingToEDW_DimTuitionAssistanceProvider,UPDATE SET,No db found
StagingtoEDWCSS_DimTuitionAssistanceProviderCSS,spCSS_StagingToEDW_DimTuitionAssistanceProvider,"FROM
             ",No db found
StagingtoEDWCSS_DimTuitionAssistanceProviderCSS,spCSS_StagingToEDW_DimTuitionAssistanceProvider,FROM @tblMergeActions,No db found
StagingtoEDWCSS_DimTuitionAssistanceProviderCSS,spCSS_StagingToEDW_DimTuitionAssistanceProvider,DECLARE @ErrMsg NVARCHAR,No db found
StagingtoEDWCSS_FactFTESnapshotCSS,spCSS_BatchLoad_StagingToEDW_FactFTESnapshot,from the LastProcessedDate ,No db found
StagingtoEDWCSS_FactFTESnapshotCSS,spCSS_BatchLoad_StagingToEDW_FactFTESnapshot,from Staging to BING_EDW,No db found
StagingtoEDWCSS_FactFTESnapshotCSS,spCSS_BatchLoad_StagingToEDW_FactFTESnapshot,from the LastProcessedDate,No db found
StagingtoEDWCSS_FactFTESnapshotCSS,spCSS_BatchLoad_StagingToEDW_FactFTESnapshot,DECLARE @ProcName NVARCHAR,No db found
StagingtoEDWCSS_FactFTESnapshotCSS,spCSS_BatchLoad_StagingToEDW_FactFTESnapshot,DECLARE @DebugMsg NVARCHAR,No db found
StagingtoEDWCSS_FactFTESnapshotCSS,spCSS_BatchLoad_StagingToEDW_FactFTESnapshot,DECLARE @TaskName VARCHAR,No db found
StagingtoEDWCSS_FactFTESnapshotCSS,spCSS_BatchLoad_StagingToEDW_FactFTESnapshot,DECLARE @SourceName SYSNAME ,No db found
StagingtoEDWCSS_FactFTESnapshotCSS,spCSS_BatchLoad_StagingToEDW_FactFTESnapshot,DECLARE @IsOverrideBatch BIT,No db found
StagingtoEDWCSS_FactFTESnapshotCSS,spCSS_BatchLoad_StagingToEDW_FactFTESnapshot,DECLARE @RowCount INT,No db found
StagingtoEDWCSS_FactFTESnapshotCSS,spCSS_BatchLoad_StagingToEDW_FactFTESnapshot,DECLARE @Error INT,No db found
StagingtoEDWCSS_FactFTESnapshotCSS,spCSS_BatchLoad_StagingToEDW_FactFTESnapshot,DECLARE @AuditId BIGINT,No db found
StagingtoEDWCSS_FactFTESnapshotCSS,spCSS_BatchLoad_StagingToEDW_FactFTESnapshot,DECLARE @FiscalWeekNumber INT,No db found
StagingtoEDWCSS_FactFTESnapshotCSS,spCSS_BatchLoad_StagingToEDW_FactFTESnapshot,DECLARE @SourceCount INT,No db found
StagingtoEDWCSS_FactFTESnapshotCSS,spCSS_BatchLoad_StagingToEDW_FactFTESnapshot,DECLARE @InsertCount INT,No db found
StagingtoEDWCSS_FactFTESnapshotCSS,spCSS_BatchLoad_StagingToEDW_FactFTESnapshot,DECLARE @UpdateCount INT,No db found
StagingtoEDWCSS_FactFTESnapshotCSS,spCSS_BatchLoad_StagingToEDW_FactFTESnapshot,DECLARE @DeleteCount INT,No db found
StagingtoEDWCSS_FactFTESnapshotCSS,spCSS_BatchLoad_StagingToEDW_FactFTESnapshot,DECLARE @StartingFiscalWeekNumber INT,No db found
StagingtoEDWCSS_FactFTESnapshotCSS,spCSS_BatchLoad_StagingToEDW_FactFTESnapshot,DECLARE @LastProcessedDate DATE,No db found
StagingtoEDWCSS_FactFTESnapshotCSS,spCSS_BatchLoad_StagingToEDW_FactFTESnapshot,FROM dbo.EDWETLBatchControl,dbo
StagingtoEDWCSS_FactFTESnapshotCSS,spCSS_BatchLoad_StagingToEDW_FactFTESnapshot,FROM BING_EDW.dbo.DimDate D,BING_EDW
StagingtoEDWCSS_FactFTESnapshotCSS,spCSS_BatchLoad_StagingToEDW_FactFTESnapshot,from whatever the @LastProcessedDate is [SB ,No db found
StagingtoEDWCSS_FactFTESnapshotCSS,spCSS_BatchLoad_StagingToEDW_FactFTESnapshot,DECLARE @BatchByFiscalWeekNumber TABLE,No db found
StagingtoEDWCSS_FactFTESnapshotCSS,spCSS_BatchLoad_StagingToEDW_FactFTESnapshot,DECLARE @CSSBalanceStartWeek INT,No db found
StagingtoEDWCSS_FactFTESnapshotCSS,spCSS_BatchLoad_StagingToEDW_FactFTESnapshot,FROM dbo.vTransaction,dbo
StagingtoEDWCSS_FactFTESnapshotCSS,spCSS_BatchLoad_StagingToEDW_FactFTESnapshot,FROM BING_EDW.dbo.DimDate,BING_EDW
StagingtoEDWCSS_FactFTESnapshotCSS,spCSS_BatchLoad_StagingToEDW_FactFTESnapshot,DECLARE css_fact_ftesnapshot_fisc_week_no CURSOR,No db found
StagingtoEDWCSS_FactFTESnapshotCSS,spCSS_BatchLoad_StagingToEDW_FactFTESnapshot,FROM css_fact_ftesnapshot_fisc_week_no INTO @FiscalWeekNumber,No db found
StagingtoEDWCSS_FactFTESnapshotCSS,spCSS_BatchLoad_StagingToEDW_FactFTESnapshot,from all the batch loads for this table,No db found
StagingtoEDWCSS_FactFTESnapshotCSS,spCSS_BatchLoad_StagingToEDW_FactFTESnapshot,FROM BING_EDW.dbo.EDWBatchLoadLog,BING_EDW
StagingtoEDWCSS_FactFTESnapshotCSS,spCSS_BatchLoad_StagingToEDW_FactFTESnapshot,UPDATE [BING_EDW].[dbo].[EDWBatchOverride],[BING_EDW]
StagingtoEDWCSS_FactFTESnapshotCSS,spCSS_BatchLoad_StagingToEDW_FactFTESnapshot,DECLARE @ErrMsg NVARCHAR,No db found
StagingtoEDWCSS_FactLaborHourTarget,spCSS_BatchLoad_StagingToEDW_FactLaborHourTarget,from the LastProcessedDate ,No db found
StagingtoEDWCSS_FactLaborHourTarget,spCSS_BatchLoad_StagingToEDW_FactLaborHourTarget,from Staging to BING_EDW,No db found
StagingtoEDWCSS_FactLaborHourTarget,spCSS_BatchLoad_StagingToEDW_FactLaborHourTarget,from the LastProcessedDate,No db found
StagingtoEDWCSS_FactLaborHourTarget,spCSS_BatchLoad_StagingToEDW_FactLaborHourTarget,from ADP.,ADP
StagingtoEDWCSS_FactLaborHourTarget,spCSS_BatchLoad_StagingToEDW_FactLaborHourTarget,from CSS.,CSS
StagingtoEDWCSS_FactLaborHourTarget,spCSS_BatchLoad_StagingToEDW_FactLaborHourTarget,DECLARE @ProcName NVARCHAR,No db found
StagingtoEDWCSS_FactLaborHourTarget,spCSS_BatchLoad_StagingToEDW_FactLaborHourTarget,DECLARE @DebugMsg NVARCHAR,No db found
StagingtoEDWCSS_FactLaborHourTarget,spCSS_BatchLoad_StagingToEDW_FactLaborHourTarget,DECLARE @TaskName VARCHAR,No db found
StagingtoEDWCSS_FactLaborHourTarget,spCSS_BatchLoad_StagingToEDW_FactLaborHourTarget,DECLARE @SourceName SYSNAME ,No db found
StagingtoEDWCSS_FactLaborHourTarget,spCSS_BatchLoad_StagingToEDW_FactLaborHourTarget,DECLARE @IsOverrideBatch BIT,No db found
StagingtoEDWCSS_FactLaborHourTarget,spCSS_BatchLoad_StagingToEDW_FactLaborHourTarget,DECLARE @RowCount INT,No db found
StagingtoEDWCSS_FactLaborHourTarget,spCSS_BatchLoad_StagingToEDW_FactLaborHourTarget,DECLARE @Error INT,No db found
StagingtoEDWCSS_FactLaborHourTarget,spCSS_BatchLoad_StagingToEDW_FactLaborHourTarget,DECLARE @AuditId BIGINT,No db found
StagingtoEDWCSS_FactLaborHourTarget,spCSS_BatchLoad_StagingToEDW_FactLaborHourTarget,DECLARE @FiscalWeekEndDate DATE,No db found
StagingtoEDWCSS_FactLaborHourTarget,spCSS_BatchLoad_StagingToEDW_FactLaborHourTarget,DECLARE @SourceCount INT,No db found
StagingtoEDWCSS_FactLaborHourTarget,spCSS_BatchLoad_StagingToEDW_FactLaborHourTarget,DECLARE @InsertCount INT,No db found
StagingtoEDWCSS_FactLaborHourTarget,spCSS_BatchLoad_StagingToEDW_FactLaborHourTarget,DECLARE @UpdateCount INT,No db found
StagingtoEDWCSS_FactLaborHourTarget,spCSS_BatchLoad_StagingToEDW_FactLaborHourTarget,DECLARE @DeleteCount INT,No db found
StagingtoEDWCSS_FactLaborHourTarget,spCSS_BatchLoad_StagingToEDW_FactLaborHourTarget,DECLARE @StartingFiscalWeekEndDate DATE,No db found
StagingtoEDWCSS_FactLaborHourTarget,spCSS_BatchLoad_StagingToEDW_FactLaborHourTarget,DECLARE @LastProcessedDate DATE,No db found
StagingtoEDWCSS_FactLaborHourTarget,spCSS_BatchLoad_StagingToEDW_FactLaborHourTarget,FROM dbo.EDWETLBatchControl,dbo
StagingtoEDWCSS_FactLaborHourTarget,spCSS_BatchLoad_StagingToEDW_FactLaborHourTarget,FROM BING_EDW.dbo.DimDate D,BING_EDW
StagingtoEDWCSS_FactLaborHourTarget,spCSS_BatchLoad_StagingToEDW_FactLaborHourTarget,from whatever the @LastProcessedDate is [SB ,No db found
StagingtoEDWCSS_FactLaborHourTarget,spCSS_BatchLoad_StagingToEDW_FactLaborHourTarget,from CSS Source,No db found
StagingtoEDWCSS_FactLaborHourTarget,spCSS_BatchLoad_StagingToEDW_FactLaborHourTarget,INSERT INTO [dbo].[Csmlbrpr],[dbo]
StagingtoEDWCSS_FactLaborHourTarget,spCSS_BatchLoad_StagingToEDW_FactLaborHourTarget,FROM OPENQUERY,No db found
StagingtoEDWCSS_FactLaborHourTarget,spCSS_BatchLoad_StagingToEDW_FactLaborHourTarget,FROM Csmlbrpr where fiscal_yr ,No db found
StagingtoEDWCSS_FactLaborHourTarget,spCSS_BatchLoad_StagingToEDW_FactLaborHourTarget,DECLARE @BatchByFiscalWeekEndDate TABLE,No db found
StagingtoEDWCSS_FactLaborHourTarget,spCSS_BatchLoad_StagingToEDW_FactLaborHourTarget,DECLARE @CSSGLBalanceStartDate DATE,No db found
StagingtoEDWCSS_FactLaborHourTarget,spCSS_BatchLoad_StagingToEDW_FactLaborHourTarget,FROM CSS_Staging.[dbo].[vLaborHoursTargetCSS],CSS_Staging
StagingtoEDWCSS_FactLaborHourTarget,spCSS_BatchLoad_StagingToEDW_FactLaborHourTarget,FROM BING_EDW.dbo.DimDate,BING_EDW
StagingtoEDWCSS_FactLaborHourTarget,spCSS_BatchLoad_StagingToEDW_FactLaborHourTarget,DECLARE csr_fact_laborhour_fisc_weekend CURSOR,No db found
StagingtoEDWCSS_FactLaborHourTarget,spCSS_BatchLoad_StagingToEDW_FactLaborHourTarget,FROM csr_fact_laborhour_fisc_weekend INTO @FiscalWeekEndDate,No db found
StagingtoEDWCSS_FactLaborHourTarget,spCSS_BatchLoad_StagingToEDW_FactLaborHourTarget,from all the batch loads for this table,No db found
StagingtoEDWCSS_FactLaborHourTarget,spCSS_BatchLoad_StagingToEDW_FactLaborHourTarget,FROM BING_EDW.dbo.EDWBatchLoadLog,BING_EDW
StagingtoEDWCSS_FactLaborHourTarget,spCSS_BatchLoad_StagingToEDW_FactLaborHourTarget,UPDATE [BING_EDW].[dbo].[EDWBatchOverride],[BING_EDW]
StagingtoEDWCSS_FactLaborHourTarget,spCSS_BatchLoad_StagingToEDW_FactLaborHourTarget,DECLARE @ErrMsg NVARCHAR,No db found
StagingtoEDWCSS_FactNetRevenueCSS,spCSS_BatchLoad_StagingToEDW_FactNetRevenue,from the LastProcessedDate ,No db found
StagingtoEDWCSS_FactNetRevenueCSS,spCSS_BatchLoad_StagingToEDW_FactNetRevenue,from Staging to BING_EDW,No db found
StagingtoEDWCSS_FactNetRevenueCSS,spCSS_BatchLoad_StagingToEDW_FactNetRevenue,DECLARE @ProcName NVARCHAR,No db found
StagingtoEDWCSS_FactNetRevenueCSS,spCSS_BatchLoad_StagingToEDW_FactNetRevenue,DECLARE @DebugMsg NVARCHAR,No db found
StagingtoEDWCSS_FactNetRevenueCSS,spCSS_BatchLoad_StagingToEDW_FactNetRevenue,DECLARE @TaskName VARCHAR,No db found
StagingtoEDWCSS_FactNetRevenueCSS,spCSS_BatchLoad_StagingToEDW_FactNetRevenue,DECLARE @SourceName SYSNAME ,No db found
StagingtoEDWCSS_FactNetRevenueCSS,spCSS_BatchLoad_StagingToEDW_FactNetRevenue,DECLARE @IsOverrideBatch BIT,No db found
StagingtoEDWCSS_FactNetRevenueCSS,spCSS_BatchLoad_StagingToEDW_FactNetRevenue,DECLARE @RowCount INT,No db found
StagingtoEDWCSS_FactNetRevenueCSS,spCSS_BatchLoad_StagingToEDW_FactNetRevenue,DECLARE @Error INT,No db found
StagingtoEDWCSS_FactNetRevenueCSS,spCSS_BatchLoad_StagingToEDW_FactNetRevenue,DECLARE @AuditId BIGINT,No db found
StagingtoEDWCSS_FactNetRevenueCSS,spCSS_BatchLoad_StagingToEDW_FactNetRevenue,DECLARE @FiscalWeekNumber INT,No db found
StagingtoEDWCSS_FactNetRevenueCSS,spCSS_BatchLoad_StagingToEDW_FactNetRevenue,DECLARE @SourceCount INT,No db found
StagingtoEDWCSS_FactNetRevenueCSS,spCSS_BatchLoad_StagingToEDW_FactNetRevenue,DECLARE @InsertCount INT,No db found
StagingtoEDWCSS_FactNetRevenueCSS,spCSS_BatchLoad_StagingToEDW_FactNetRevenue,DECLARE @UpdateCount INT,No db found
StagingtoEDWCSS_FactNetRevenueCSS,spCSS_BatchLoad_StagingToEDW_FactNetRevenue,DECLARE @DeleteCount INT,No db found
StagingtoEDWCSS_FactNetRevenueCSS,spCSS_BatchLoad_StagingToEDW_FactNetRevenue,DECLARE @LastProcessedDate DATE,No db found
StagingtoEDWCSS_FactNetRevenueCSS,spCSS_BatchLoad_StagingToEDW_FactNetRevenue,FROM [dbo].[EDWETLBatchControl] ,[dbo]
StagingtoEDWCSS_FactNetRevenueCSS,spCSS_BatchLoad_StagingToEDW_FactNetRevenue,DECLARE @StartingFiscalWeekNumber INT,No db found
StagingtoEDWCSS_FactNetRevenueCSS,spCSS_BatchLoad_StagingToEDW_FactNetRevenue,FROM BING_EDW..vDimFiscalWeek,BING_EDW
StagingtoEDWCSS_FactNetRevenueCSS,spCSS_BatchLoad_StagingToEDW_FactNetRevenue,FROM vTransaction,No db found
StagingtoEDWCSS_FactNetRevenueCSS,spCSS_BatchLoad_StagingToEDW_FactNetRevenue,DECLARE csr_fact_nrevenue_css_fisc_weekNumber CURSOR,No db found
StagingtoEDWCSS_FactNetRevenueCSS,spCSS_BatchLoad_StagingToEDW_FactNetRevenue,FROM csr_fact_nrevenue_css_fisc_weekNumber INTO @FiscalWeekNumber,No db found
StagingtoEDWCSS_FactNetRevenueCSS,spCSS_BatchLoad_StagingToEDW_FactNetRevenue,from all the batch loads for this table,No db found
StagingtoEDWCSS_FactNetRevenueCSS,spCSS_BatchLoad_StagingToEDW_FactNetRevenue,FROM BING_EDW.dbo.EDWBatchLoadLog,BING_EDW
StagingtoEDWCSS_FactNetRevenueCSS,spCSS_BatchLoad_StagingToEDW_FactNetRevenue,UPDATE [BING_EDW].[dbo].[EDWBatchOverride],[BING_EDW]
StagingtoEDWCSS_FactNetRevenueCSS,spCSS_BatchLoad_StagingToEDW_FactNetRevenue,DECLARE @ErrMsg NVARCHAR,No db found
StagingToEDW_BridgeCompanyRollup,spGL_StagingToEDW_BridgeCompanyRollup,FROM sys.objects,sys
StagingToEDW_BridgeCompanyRollup,spGL_StagingToEDW_BridgeCompanyRollup,from Staging to BING_EDW.,BING_EDW
StagingToEDW_BridgeCompanyRollup,spGL_StagingToEDW_BridgeCompanyRollup,from SSIS logic,No db found
StagingToEDW_BridgeCompanyRollup,spGL_StagingToEDW_BridgeCompanyRollup,DECLARE @ProcName NVARCHAR,No db found
StagingToEDW_BridgeCompanyRollup,spGL_StagingToEDW_BridgeCompanyRollup,DECLARE @DebugMsg NVARCHAR,No db found
StagingToEDW_BridgeCompanyRollup,spGL_StagingToEDW_BridgeCompanyRollup,DECLARE @SourceName VARCHAR,No db found
StagingToEDW_BridgeCompanyRollup,spGL_StagingToEDW_BridgeCompanyRollup,DECLARE @AuditId BIGINT,No db found
StagingToEDW_BridgeCompanyRollup,spGL_StagingToEDW_BridgeCompanyRollup,DECLARE @RowCount INT,No db found
StagingToEDW_BridgeCompanyRollup,spGL_StagingToEDW_BridgeCompanyRollup,DECLARE @Error INT,No db found
StagingToEDW_BridgeCompanyRollup,spGL_StagingToEDW_BridgeCompanyRollup,DECLARE @SourceCount INT,No db found
StagingToEDW_BridgeCompanyRollup,spGL_StagingToEDW_BridgeCompanyRollup,DECLARE @InsertCount INT,No db found
StagingToEDW_BridgeCompanyRollup,spGL_StagingToEDW_BridgeCompanyRollup,DECLARE @UpdateCount INT,No db found
StagingToEDW_BridgeCompanyRollup,spGL_StagingToEDW_BridgeCompanyRollup,DECLARE @DeleteCount INT,No db found
StagingToEDW_BridgeCompanyRollup,spGL_StagingToEDW_BridgeCompanyRollup,from Source,No db found
StagingToEDW_BridgeCompanyRollup,spGL_StagingToEDW_BridgeCompanyRollup,Insert Into BING_EDW Table ,No db found
StagingToEDW_BridgeCompanyRollup,spGL_StagingToEDW_BridgeCompanyRollup,INSERT INTO  [BING_EDW].[dbo].[BridgeCompanyRollup],[BING_EDW]
StagingToEDW_BridgeCompanyRollup,spGL_StagingToEDW_BridgeCompanyRollup,from source ,No db found
StagingToEDW_BridgeCompanyRollup,spGL_StagingToEDW_BridgeCompanyRollup,from dbo.tfnCompanyRollupBridge,dbo
StagingToEDW_BridgeCompanyRollup,spGL_StagingToEDW_BridgeCompanyRollup,from Source.,Source
StagingToEDW_BridgeCompanyRollup,spGL_StagingToEDW_BridgeCompanyRollup,FROM [BING_EDW].[dbo].[BridgeCompanyRollup] ,[BING_EDW]
StagingToEDW_BridgeCompanyRollup,spGL_StagingToEDW_BridgeCompanyRollup,DECLARE @ErrMsg NVARCHAR,No db found
StagingToEDW_BridgeSecurityPersonHRISGroup,spHR_StagingToEDW_BridgeSecurityPersonHRISGroup,FROM sys.objects,sys
StagingToEDW_BridgeSecurityPersonHRISGroup,spHR_StagingToEDW_BridgeSecurityPersonHRISGroup,Update ETL process for,No db found
StagingToEDW_BridgeSecurityPersonHRISGroup,spHR_StagingToEDW_BridgeSecurityPersonHRISGroup,from Staging to BING_EDW.,BING_EDW
StagingToEDW_BridgeSecurityPersonHRISGroup,spHR_StagingToEDW_BridgeSecurityPersonHRISGroup,from Source by calling,No db found
StagingToEDW_BridgeSecurityPersonHRISGroup,spHR_StagingToEDW_BridgeSecurityPersonHRISGroup,Update counts to caller,No db found
StagingToEDW_BridgeSecurityPersonHRISGroup,spHR_StagingToEDW_BridgeSecurityPersonHRISGroup,from source,No db found
StagingToEDW_BridgeSecurityPersonHRISGroup,spHR_StagingToEDW_BridgeSecurityPersonHRISGroup,DECLARE @ProcName NVARCHAR,No db found
StagingToEDW_BridgeSecurityPersonHRISGroup,spHR_StagingToEDW_BridgeSecurityPersonHRISGroup,DECLARE @DebugMsg NVARCHAR,No db found
StagingToEDW_BridgeSecurityPersonHRISGroup,spHR_StagingToEDW_BridgeSecurityPersonHRISGroup,DECLARE @SourceName VARCHAR,No db found
StagingToEDW_BridgeSecurityPersonHRISGroup,spHR_StagingToEDW_BridgeSecurityPersonHRISGroup,DECLARE @AuditId BIGINT,No db found
StagingToEDW_BridgeSecurityPersonHRISGroup,spHR_StagingToEDW_BridgeSecurityPersonHRISGroup,DECLARE @RowCount INT,No db found
StagingToEDW_BridgeSecurityPersonHRISGroup,spHR_StagingToEDW_BridgeSecurityPersonHRISGroup,DECLARE @Error INT,No db found
StagingToEDW_BridgeSecurityPersonHRISGroup,spHR_StagingToEDW_BridgeSecurityPersonHRISGroup,DECLARE @SourceCount INT,No db found
StagingToEDW_BridgeSecurityPersonHRISGroup,spHR_StagingToEDW_BridgeSecurityPersonHRISGroup,DECLARE @InsertCount INT,No db found
StagingToEDW_BridgeSecurityPersonHRISGroup,spHR_StagingToEDW_BridgeSecurityPersonHRISGroup,DECLARE @UpdateCount INT,No db found
StagingToEDW_BridgeSecurityPersonHRISGroup,spHR_StagingToEDW_BridgeSecurityPersonHRISGroup,DECLARE @DeleteCount INT,No db found
StagingToEDW_BridgeSecurityPersonHRISGroup,spHR_StagingToEDW_BridgeSecurityPersonHRISGroup,DECLARE @tblMergeActions TABLE,No db found
StagingToEDW_BridgeSecurityPersonHRISGroup,spHR_StagingToEDW_BridgeSecurityPersonHRISGroup,FROM Source,No db found
StagingToEDW_BridgeSecurityPersonHRISGroup,spHR_StagingToEDW_BridgeSecurityPersonHRISGroup,FROM source ,No db found
StagingToEDW_BridgeSecurityPersonHRISGroup,spHR_StagingToEDW_BridgeSecurityPersonHRISGroup,FROM Source.,Source
StagingToEDW_BridgeSecurityPersonHRISGroup,spHR_StagingToEDW_BridgeSecurityPersonHRISGroup,UPDATE SET,No db found
StagingToEDW_BridgeSecurityPersonHRISGroup,spHR_StagingToEDW_BridgeSecurityPersonHRISGroup,"FROM
             ",No db found
StagingToEDW_BridgeSecurityPersonHRISGroup,spHR_StagingToEDW_BridgeSecurityPersonHRISGroup,FROM @tblMergeActions,No db found
StagingToEDW_BridgeSecurityPersonHRISGroup,spHR_StagingToEDW_BridgeSecurityPersonHRISGroup,FROM into Target.,Target
StagingToEDW_BridgeSecurityPersonHRISGroup,spHR_StagingToEDW_BridgeSecurityPersonHRISGroup,DECLARE @ErrMsg NVARCHAR,No db found
StagingToEDW_BridgeSecurityPersonOrg,spHR_StagingToEDW_BridgeSecurityPersonOrg,from Staging to BING_EDW.,BING_EDW
StagingToEDW_BridgeSecurityPersonOrg,spHR_StagingToEDW_BridgeSecurityPersonOrg,from SSIS logic,No db found
StagingToEDW_BridgeSecurityPersonOrg,spHR_StagingToEDW_BridgeSecurityPersonOrg,DECLARE @ProcName NVARCHAR,No db found
StagingToEDW_BridgeSecurityPersonOrg,spHR_StagingToEDW_BridgeSecurityPersonOrg,DECLARE @DebugMsg NVARCHAR,No db found
StagingToEDW_BridgeSecurityPersonOrg,spHR_StagingToEDW_BridgeSecurityPersonOrg,DECLARE @SourceName VARCHAR,No db found
StagingToEDW_BridgeSecurityPersonOrg,spHR_StagingToEDW_BridgeSecurityPersonOrg,DECLARE @AuditId BIGINT,No db found
StagingToEDW_BridgeSecurityPersonOrg,spHR_StagingToEDW_BridgeSecurityPersonOrg,DECLARE @RowCount INT,No db found
StagingToEDW_BridgeSecurityPersonOrg,spHR_StagingToEDW_BridgeSecurityPersonOrg,DECLARE @Error INT,No db found
StagingToEDW_BridgeSecurityPersonOrg,spHR_StagingToEDW_BridgeSecurityPersonOrg,DECLARE @SourceCount INT,No db found
StagingToEDW_BridgeSecurityPersonOrg,spHR_StagingToEDW_BridgeSecurityPersonOrg,DECLARE @InsertCount INT,No db found
StagingToEDW_BridgeSecurityPersonOrg,spHR_StagingToEDW_BridgeSecurityPersonOrg,DECLARE @UpdateCount INT,No db found
StagingToEDW_BridgeSecurityPersonOrg,spHR_StagingToEDW_BridgeSecurityPersonOrg,DECLARE @DeleteCount INT,No db found
StagingToEDW_BridgeSecurityPersonOrg,spHR_StagingToEDW_BridgeSecurityPersonOrg,from Source,No db found
StagingToEDW_BridgeSecurityPersonOrg,spHR_StagingToEDW_BridgeSecurityPersonOrg,Insert Into BING_EDW Table ,No db found
StagingToEDW_BridgeSecurityPersonOrg,spHR_StagingToEDW_BridgeSecurityPersonOrg,Insert into BING_EDW.dbo.BridgeSecurityPersonOrg,BING_EDW
StagingToEDW_BridgeSecurityPersonOrg,spHR_StagingToEDW_BridgeSecurityPersonOrg,from dbo.OrgLeaderAccess OLA,dbo
StagingToEDW_BridgeSecurityPersonOrg,spHR_StagingToEDW_BridgeSecurityPersonOrg,JOIN BING_EDW.dbo.DimPerson DP on OLA.EmployeeNumber,BING_EDW
StagingToEDW_BridgeSecurityPersonOrg,spHR_StagingToEDW_BridgeSecurityPersonOrg,JOIN BING_EDW.dbo.DimOrganization DO on OLA.CanAccessOrgID,BING_EDW
StagingToEDW_BridgeSecurityPersonOrg,spHR_StagingToEDW_BridgeSecurityPersonOrg,from source ,No db found
StagingToEDW_BridgeSecurityPersonOrg,spHR_StagingToEDW_BridgeSecurityPersonOrg,from Source.,Source
StagingToEDW_BridgeSecurityPersonOrg,spHR_StagingToEDW_BridgeSecurityPersonOrg,FROM [BING_EDW].[dbo].[BridgeSecurityPersonOrg] ,[BING_EDW]
StagingToEDW_BridgeSecurityPersonOrg,spHR_StagingToEDW_BridgeSecurityPersonOrg,DECLARE @ErrMsg NVARCHAR,No db found
StagingToEDW_CompNonCompStatus,spBeginAuditLog,update  audit table  before the DML operation on the table ,No db found
StagingToEDW_CompNonCompStatus,spBeginAuditLog,INSERT INTO AuditLog,No db found
StagingToEDW_CompNonCompStatus,spEndAuditLog,update  audit table after the DML operation on the table,No db found
StagingToEDW_CompNonCompStatus,spEndAuditLog,FROM AuditLog,No db found
StagingToEDW_CompNonCompStatus,spEndAuditLog,UPDATE	AuditLog,No db found
StagingToEDW_DimAccountSubAccount,spGL_StagingToEDW_DimAccountSubAccount,from Staging to BING_EDW.,BING_EDW
StagingToEDW_DimAccountSubAccount,spGL_StagingToEDW_DimAccountSubAccount,from Source by calling,No db found
StagingToEDW_DimAccountSubAccount,spGL_StagingToEDW_DimAccountSubAccount,DECLARE @ProcName NVARCHAR,No db found
StagingToEDW_DimAccountSubAccount,spGL_StagingToEDW_DimAccountSubAccount,DECLARE @DebugMsg NVARCHAR,No db found
StagingToEDW_DimAccountSubAccount,spGL_StagingToEDW_DimAccountSubAccount,DECLARE @SourceName VARCHAR,No db found
StagingToEDW_DimAccountSubAccount,spGL_StagingToEDW_DimAccountSubAccount,DECLARE @AuditId BIGINT,No db found
StagingToEDW_DimAccountSubAccount,spGL_StagingToEDW_DimAccountSubAccount,DECLARE @RowCount INT,No db found
StagingToEDW_DimAccountSubAccount,spGL_StagingToEDW_DimAccountSubAccount,DECLARE @Error INT,No db found
StagingToEDW_DimAccountSubAccount,spGL_StagingToEDW_DimAccountSubAccount,DECLARE @SourceCount INT,No db found
StagingToEDW_DimAccountSubAccount,spGL_StagingToEDW_DimAccountSubAccount,DECLARE @InsertCount INT,No db found
StagingToEDW_DimAccountSubAccount,spGL_StagingToEDW_DimAccountSubAccount,DECLARE @UpdateCount INT,No db found
StagingToEDW_DimAccountSubAccount,spGL_StagingToEDW_DimAccountSubAccount,DECLARE @DeleteCount INT,No db found
StagingToEDW_DimAccountSubAccount,spGL_StagingToEDW_DimAccountSubAccount,DECLARE @InfSourceCount INT,No db found
StagingToEDW_DimAccountSubAccount,spGL_StagingToEDW_DimAccountSubAccount,DECLARE @InfInsertCount INT,No db found
StagingToEDW_DimAccountSubAccount,spGL_StagingToEDW_DimAccountSubAccount,DECLARE @InfUpdateCount INT,No db found
StagingToEDW_DimAccountSubAccount,spGL_StagingToEDW_DimAccountSubAccount,DECLARE @InfDeleteCount INT,No db found
StagingToEDW_DimAccountSubAccount,spGL_StagingToEDW_DimAccountSubAccount,DECLARE @tblMergeActions TABLE,No db found
StagingToEDW_DimAccountSubAccount,spGL_StagingToEDW_DimAccountSubAccount,DECLARE @tblDeleteActions TABLE,No db found
StagingToEDW_DimAccountSubAccount,spGL_StagingToEDW_DimAccountSubAccount,from Source,No db found
StagingToEDW_DimAccountSubAccount,spGL_StagingToEDW_DimAccountSubAccount,from source ,No db found
StagingToEDW_DimAccountSubAccount,spGL_StagingToEDW_DimAccountSubAccount,from Source.,Source
StagingToEDW_DimAccountSubAccount,spGL_StagingToEDW_DimAccountSubAccount,UPDATE SET,No db found
StagingToEDW_DimAccountSubAccount,spGL_StagingToEDW_DimAccountSubAccount,"FROM
             ",No db found
StagingToEDW_DimAccountSubAccount,spGL_StagingToEDW_DimAccountSubAccount,FROM @tblMergeActions,No db found
StagingToEDW_DimAccountSubAccount,spGL_StagingToEDW_DimAccountSubAccount,Update existing RowStatus to ,No db found
StagingToEDW_DimAccountSubAccount,spGL_StagingToEDW_DimAccountSubAccount,UPDATE [BING_EDW].[dbo].[DimAccountSubaccount] SET [RowStatus] ,[BING_EDW]
StagingToEDW_DimAccountSubAccount,spGL_StagingToEDW_DimAccountSubAccount,INSERT INTO [dbo].[InfAccountSubaccount] ,[dbo]
StagingToEDW_DimAccountSubAccount,spGL_StagingToEDW_DimAccountSubAccount,FROM [CMS_Staging].[dbo].[tfnNetRevenue],[CMS_Staging]
StagingToEDW_DimAccountSubAccount,spGL_StagingToEDW_DimAccountSubAccount,JOIN [BING_EDW].[dbo].[DimAccountSubaccount] [E],[BING_EDW]
StagingToEDW_DimAccountSubAccount,spGL_StagingToEDW_DimAccountSubAccount,FROM  [dbo].[InfAccountSubaccount],[dbo]
StagingToEDW_DimAccountSubAccount,spGL_StagingToEDW_DimAccountSubAccount,from Source into InfAccountSubaccount.,InfAccountSubaccount
StagingToEDW_DimAccountSubAccount,spGL_StagingToEDW_DimAccountSubAccount,FROM  ,No db found
StagingToEDW_DimAccountSubAccount,spGL_StagingToEDW_DimAccountSubAccount,from Source into MissingDimAccountSubAccountUpsert.,MissingDimAccountSubAccountUpsert
StagingToEDW_DimAccountSubAccount,spGL_StagingToEDW_DimAccountSubAccount,DECLARE @ErrMsg NVARCHAR,No db found
StagingToEDW_DimAdjustmentReason,spCMS_StagingToEDW_DimAdjustmentReason,FROM sys.objects,sys
StagingToEDW_DimAdjustmentReason,spCMS_StagingToEDW_DimAdjustmentReason,from Staging to BING_EDW.,BING_EDW
StagingToEDW_DimAdjustmentReason,spCMS_StagingToEDW_DimAdjustmentReason,from Source by calling,No db found
StagingToEDW_DimAdjustmentReason,spCMS_StagingToEDW_DimAdjustmentReason,from source,No db found
StagingToEDW_DimAdjustmentReason,spCMS_StagingToEDW_DimAdjustmentReason,DECLARE @ProcName NVARCHAR,No db found
StagingToEDW_DimAdjustmentReason,spCMS_StagingToEDW_DimAdjustmentReason,DECLARE @DebugMsg NVARCHAR,No db found
StagingToEDW_DimAdjustmentReason,spCMS_StagingToEDW_DimAdjustmentReason,DECLARE @SourceName VARCHAR,No db found
StagingToEDW_DimAdjustmentReason,spCMS_StagingToEDW_DimAdjustmentReason,DECLARE @AuditId BIGINT,No db found
StagingToEDW_DimAdjustmentReason,spCMS_StagingToEDW_DimAdjustmentReason,DECLARE @RowCount INT,No db found
StagingToEDW_DimAdjustmentReason,spCMS_StagingToEDW_DimAdjustmentReason,DECLARE @Error INT,No db found
StagingToEDW_DimAdjustmentReason,spCMS_StagingToEDW_DimAdjustmentReason,DECLARE @SourceCount INT,No db found
StagingToEDW_DimAdjustmentReason,spCMS_StagingToEDW_DimAdjustmentReason,DECLARE @InsertCount INT,No db found
StagingToEDW_DimAdjustmentReason,spCMS_StagingToEDW_DimAdjustmentReason,DECLARE @UpdateCount INT,No db found
StagingToEDW_DimAdjustmentReason,spCMS_StagingToEDW_DimAdjustmentReason,DECLARE @DeleteCount INT,No db found
StagingToEDW_DimAdjustmentReason,spCMS_StagingToEDW_DimAdjustmentReason,DECLARE @tblMergeActions TABLE,No db found
StagingToEDW_DimAdjustmentReason,spCMS_StagingToEDW_DimAdjustmentReason,DECLARE @tblDeleteActions TABLE,No db found
StagingToEDW_DimAdjustmentReason,spCMS_StagingToEDW_DimAdjustmentReason,from Source,No db found
StagingToEDW_DimAdjustmentReason,spCMS_StagingToEDW_DimAdjustmentReason,from source ,No db found
StagingToEDW_DimAdjustmentReason,spCMS_StagingToEDW_DimAdjustmentReason,from Source.,Source
StagingToEDW_DimAdjustmentReason,spCMS_StagingToEDW_DimAdjustmentReason,UPDATE SET,No db found
StagingToEDW_DimAdjustmentReason,spCMS_StagingToEDW_DimAdjustmentReason,"FROM
             ",No db found
StagingToEDW_DimAdjustmentReason,spCMS_StagingToEDW_DimAdjustmentReason,FROM @tblMergeActions,No db found
StagingToEDW_DimAdjustmentReason,spCMS_StagingToEDW_DimAdjustmentReason,FROM @tblDeleteActions,No db found
StagingToEDW_DimAdjustmentReason,spCMS_StagingToEDW_DimAdjustmentReason,update in ,No db found
StagingToEDW_DimAdjustmentReason,spCMS_StagingToEDW_DimAdjustmentReason,from into Target.,Target
StagingToEDW_DimAdjustmentReason,spCMS_StagingToEDW_DimAdjustmentReason,DECLARE @ErrMsg NVARCHAR,No db found
StagingToEDW_DimARAgencyType,spCMS_StagingToEDW_DimARAgencyType,from Staging to BING_EDW.,BING_EDW
StagingToEDW_DimARAgencyType,spCMS_StagingToEDW_DimARAgencyType,from Source by calling,No db found
StagingToEDW_DimARAgencyType,spCMS_StagingToEDW_DimARAgencyType,from source,No db found
StagingToEDW_DimARAgencyType,spCMS_StagingToEDW_DimARAgencyType,from SSIS DFT to Stored Proc as part of,No db found
StagingToEDW_DimARAgencyType,spCMS_StagingToEDW_DimARAgencyType,DECLARE @ProcName NVARCHAR,No db found
StagingToEDW_DimARAgencyType,spCMS_StagingToEDW_DimARAgencyType,DECLARE @DebugMsg NVARCHAR,No db found
StagingToEDW_DimARAgencyType,spCMS_StagingToEDW_DimARAgencyType,DECLARE @SourceName VARCHAR,No db found
StagingToEDW_DimARAgencyType,spCMS_StagingToEDW_DimARAgencyType,DECLARE @AuditId BIGINT,No db found
StagingToEDW_DimARAgencyType,spCMS_StagingToEDW_DimARAgencyType,DECLARE @RowCount INT,No db found
StagingToEDW_DimARAgencyType,spCMS_StagingToEDW_DimARAgencyType,DECLARE @Error INT,No db found
StagingToEDW_DimARAgencyType,spCMS_StagingToEDW_DimARAgencyType,DECLARE @SourceCount INT,No db found
StagingToEDW_DimARAgencyType,spCMS_StagingToEDW_DimARAgencyType,DECLARE @InsertCount INT,No db found
StagingToEDW_DimARAgencyType,spCMS_StagingToEDW_DimARAgencyType,DECLARE @UpdateCount INT,No db found
StagingToEDW_DimARAgencyType,spCMS_StagingToEDW_DimARAgencyType,DECLARE @DeleteCount INT,No db found
StagingToEDW_DimARAgencyType,spCMS_StagingToEDW_DimARAgencyType,DECLARE @tblMergeActions TABLE,No db found
StagingToEDW_DimARAgencyType,spCMS_StagingToEDW_DimARAgencyType,DECLARE @tblDeleteActions TABLE,No db found
StagingToEDW_DimARAgencyType,spCMS_StagingToEDW_DimARAgencyType,FROM Source,No db found
StagingToEDW_DimARAgencyType,spCMS_StagingToEDW_DimARAgencyType,from source ,No db found
StagingToEDW_DimARAgencyType,spCMS_StagingToEDW_DimARAgencyType,from Source.,Source
StagingToEDW_DimARAgencyType,spCMS_StagingToEDW_DimARAgencyType,UPDATE SET,No db found
StagingToEDW_DimARAgencyType,spCMS_StagingToEDW_DimARAgencyType,"FROM
             ",No db found
StagingToEDW_DimARAgencyType,spCMS_StagingToEDW_DimARAgencyType,FROM @tblMergeActions,No db found
StagingToEDW_DimARAgencyType,spCMS_StagingToEDW_DimARAgencyType,DECLARE @ErrMsg NVARCHAR,No db found
StagingToEDW_DimAssessmentType,spHR_StagingToEDW_DimAssessmentType,from Staging to BING_EDW.,BING_EDW
StagingToEDW_DimAssessmentType,spHR_StagingToEDW_DimAssessmentType,from source,No db found
StagingToEDW_DimAssessmentType,spHR_StagingToEDW_DimAssessmentType,DECLARE @ProcName NVARCHAR,No db found
StagingToEDW_DimAssessmentType,spHR_StagingToEDW_DimAssessmentType,DECLARE @DebugMsg NVARCHAR,No db found
StagingToEDW_DimAssessmentType,spHR_StagingToEDW_DimAssessmentType,DECLARE @SourceName VARCHAR,No db found
StagingToEDW_DimAssessmentType,spHR_StagingToEDW_DimAssessmentType,DECLARE @AuditId BIGINT,No db found
StagingToEDW_DimAssessmentType,spHR_StagingToEDW_DimAssessmentType,DECLARE @RowCount INT,No db found
StagingToEDW_DimAssessmentType,spHR_StagingToEDW_DimAssessmentType,DECLARE @Error INT,No db found
StagingToEDW_DimAssessmentType,spHR_StagingToEDW_DimAssessmentType,DECLARE @SourceCount INT,No db found
StagingToEDW_DimAssessmentType,spHR_StagingToEDW_DimAssessmentType,DECLARE @InsertCount INT,No db found
StagingToEDW_DimAssessmentType,spHR_StagingToEDW_DimAssessmentType,DECLARE @UpdateCount INT,No db found
StagingToEDW_DimAssessmentType,spHR_StagingToEDW_DimAssessmentType,DECLARE @DeleteCount INT,No db found
StagingToEDW_DimAssessmentType,spHR_StagingToEDW_DimAssessmentType,from Source,No db found
StagingToEDW_DimAssessmentType,spHR_StagingToEDW_DimAssessmentType,from theb usual pattern of using,No db found
StagingToEDW_DimAssessmentType,spHR_StagingToEDW_DimAssessmentType,FROM dbo.vAssessmentTypes,dbo
StagingToEDW_DimAssessmentType,spHR_StagingToEDW_DimAssessmentType,FROM [BING_EDW].[dbo].[DimAssessmentType],[BING_EDW]
StagingToEDW_DimAssessmentType,spHR_StagingToEDW_DimAssessmentType,from Target.,Target
StagingToEDW_DimAssessmentType,spHR_StagingToEDW_DimAssessmentType,INSERT INTO [BING_EDW].[dbo].[DimAssessmentType],[BING_EDW]
StagingToEDW_DimAssessmentType,spHR_StagingToEDW_DimAssessmentType,from source ,No db found
StagingToEDW_DimAssessmentType,spHR_StagingToEDW_DimAssessmentType,from Source.,Source
StagingToEDW_DimAssessmentType,spHR_StagingToEDW_DimAssessmentType,DECLARE @ErrMsg NVARCHAR,No db found
StagingToEDW_DimAssignmentType,spHR_StagingToEDW_DimAssignmentType,from Staging to BING_EDW.,BING_EDW
StagingToEDW_DimAssignmentType,spHR_StagingToEDW_DimAssignmentType,from source,No db found
StagingToEDW_DimAssignmentType,spHR_StagingToEDW_DimAssignmentType,DECLARE @ProcName NVARCHAR,No db found
StagingToEDW_DimAssignmentType,spHR_StagingToEDW_DimAssignmentType,DECLARE @DebugMsg NVARCHAR,No db found
StagingToEDW_DimAssignmentType,spHR_StagingToEDW_DimAssignmentType,DECLARE @SourceName VARCHAR,No db found
StagingToEDW_DimAssignmentType,spHR_StagingToEDW_DimAssignmentType,DECLARE @AuditId BIGINT,No db found
StagingToEDW_DimAssignmentType,spHR_StagingToEDW_DimAssignmentType,DECLARE @RowCount INT,No db found
StagingToEDW_DimAssignmentType,spHR_StagingToEDW_DimAssignmentType,DECLARE @Error INT,No db found
StagingToEDW_DimAssignmentType,spHR_StagingToEDW_DimAssignmentType,DECLARE @SourceCount INT,No db found
StagingToEDW_DimAssignmentType,spHR_StagingToEDW_DimAssignmentType,DECLARE @InsertCount INT,No db found
StagingToEDW_DimAssignmentType,spHR_StagingToEDW_DimAssignmentType,DECLARE @UpdateCount INT,No db found
StagingToEDW_DimAssignmentType,spHR_StagingToEDW_DimAssignmentType,DECLARE @DeleteCount INT,No db found
StagingToEDW_DimAssignmentType,spHR_StagingToEDW_DimAssignmentType,from Source,No db found
StagingToEDW_DimAssignmentType,spHR_StagingToEDW_DimAssignmentType,from theb usual pattern of using,No db found
StagingToEDW_DimAssignmentType,spHR_StagingToEDW_DimAssignmentType,FROM dbo.vAssignmentTypes,dbo
StagingToEDW_DimAssignmentType,spHR_StagingToEDW_DimAssignmentType,FROM [BING_EDW].[dbo].[DimAssignmentType],[BING_EDW]
StagingToEDW_DimAssignmentType,spHR_StagingToEDW_DimAssignmentType,from Target.,Target
StagingToEDW_DimAssignmentType,spHR_StagingToEDW_DimAssignmentType,INSERT INTO [BING_EDW].[dbo].[DimAssignmentType],[BING_EDW]
StagingToEDW_DimAssignmentType,spHR_StagingToEDW_DimAssignmentType,from source ,No db found
StagingToEDW_DimAssignmentType,spHR_StagingToEDW_DimAssignmentType,from Source.,Source
StagingToEDW_DimAssignmentType,spHR_StagingToEDW_DimAssignmentType,DECLARE @ErrMsg NVARCHAR,No db found
StagingToEDW_DimClassroom,spCMS_StagingToEDW_DimClassroom,FROM sys.objects,sys
StagingToEDW_DimClassroom,spCMS_StagingToEDW_DimClassroom,from Staging to BING_EDW.,BING_EDW
StagingToEDW_DimClassroom,spCMS_StagingToEDW_DimClassroom,from Source by calling,No db found
StagingToEDW_DimClassroom,spCMS_StagingToEDW_DimClassroom,from source,No db found
StagingToEDW_DimClassroom,spCMS_StagingToEDW_DimClassroom,DECLARE @ProcName NVARCHAR,No db found
StagingToEDW_DimClassroom,spCMS_StagingToEDW_DimClassroom,DECLARE @DebugMsg NVARCHAR,No db found
StagingToEDW_DimClassroom,spCMS_StagingToEDW_DimClassroom,DECLARE @SourceName VARCHAR,No db found
StagingToEDW_DimClassroom,spCMS_StagingToEDW_DimClassroom,DECLARE @AuditId BIGINT,No db found
StagingToEDW_DimClassroom,spCMS_StagingToEDW_DimClassroom,DECLARE @RowCount INT,No db found
StagingToEDW_DimClassroom,spCMS_StagingToEDW_DimClassroom,DECLARE @Error INT,No db found
StagingToEDW_DimClassroom,spCMS_StagingToEDW_DimClassroom,DECLARE @SourceCount INT,No db found
StagingToEDW_DimClassroom,spCMS_StagingToEDW_DimClassroom,DECLARE @InsertCount INT,No db found
StagingToEDW_DimClassroom,spCMS_StagingToEDW_DimClassroom,DECLARE @UpdateCount INT,No db found
StagingToEDW_DimClassroom,spCMS_StagingToEDW_DimClassroom,DECLARE @DeleteCount INT,No db found
StagingToEDW_DimClassroom,spCMS_StagingToEDW_DimClassroom,DECLARE @tblMergeActions TABLE,No db found
StagingToEDW_DimClassroom,spCMS_StagingToEDW_DimClassroom,DECLARE @tblDeleteActions TABLE,No db found
StagingToEDW_DimClassroom,spCMS_StagingToEDW_DimClassroom,FROM Source,No db found
StagingToEDW_DimClassroom,spCMS_StagingToEDW_DimClassroom,FROM source ,No db found
StagingToEDW_DimClassroom,spCMS_StagingToEDW_DimClassroom,FROM Source.,Source
StagingToEDW_DimClassroom,spCMS_StagingToEDW_DimClassroom,UPDATE SET,No db found
StagingToEDW_DimClassroom,spCMS_StagingToEDW_DimClassroom,"FROM
             ",No db found
StagingToEDW_DimClassroom,spCMS_StagingToEDW_DimClassroom,FROM @tblMergeActions,No db found
StagingToEDW_DimClassroom,spCMS_StagingToEDW_DimClassroom,FROM @tblDeleteActions,No db found
StagingToEDW_DimClassroom,spCMS_StagingToEDW_DimClassroom,update in ,No db found
StagingToEDW_DimClassroom,spCMS_StagingToEDW_DimClassroom,FROM into Target.,Target
StagingToEDW_DimClassroom,spCMS_StagingToEDW_DimClassroom,DECLARE @ErrMsg NVARCHAR,No db found
StagingToEDW_DimClassroom,spCSS_StagingToEDW_DimClassroom,from Staging to BING_EDW.,BING_EDW
StagingToEDW_DimClassroom,spCSS_StagingToEDW_DimClassroom,from Source by calling,No db found
StagingToEDW_DimClassroom,spCSS_StagingToEDW_DimClassroom,from source,No db found
StagingToEDW_DimClassroom,spCSS_StagingToEDW_DimClassroom,DECLARE @ProcName NVARCHAR,No db found
StagingToEDW_DimClassroom,spCSS_StagingToEDW_DimClassroom,DECLARE @DebugMsg NVARCHAR,No db found
StagingToEDW_DimClassroom,spCSS_StagingToEDW_DimClassroom,DECLARE @SourceName VARCHAR,No db found
StagingToEDW_DimClassroom,spCSS_StagingToEDW_DimClassroom,DECLARE @AuditId BIGINT,No db found
StagingToEDW_DimClassroom,spCSS_StagingToEDW_DimClassroom,DECLARE @RowCount INT,No db found
StagingToEDW_DimClassroom,spCSS_StagingToEDW_DimClassroom,DECLARE @Error INT,No db found
StagingToEDW_DimClassroom,spCSS_StagingToEDW_DimClassroom,DECLARE @SourceCount INT,No db found
StagingToEDW_DimClassroom,spCSS_StagingToEDW_DimClassroom,DECLARE @InsertCount INT,No db found
StagingToEDW_DimClassroom,spCSS_StagingToEDW_DimClassroom,DECLARE @UpdateCount INT,No db found
StagingToEDW_DimClassroom,spCSS_StagingToEDW_DimClassroom,DECLARE @DeleteCount INT,No db found
StagingToEDW_DimClassroom,spCSS_StagingToEDW_DimClassroom,DECLARE @tblMergeActions TABLE,No db found
StagingToEDW_DimClassroom,spCSS_StagingToEDW_DimClassroom,DECLARE @tblDeleteActions TABLE,No db found
StagingToEDW_DimClassroom,spCSS_StagingToEDW_DimClassroom,FROM Source,No db found
StagingToEDW_DimClassroom,spCSS_StagingToEDW_DimClassroom,FROM source ,No db found
StagingToEDW_DimClassroom,spCSS_StagingToEDW_DimClassroom,FROM Source.,Source
StagingToEDW_DimClassroom,spCSS_StagingToEDW_DimClassroom,UPDATE SET,No db found
StagingToEDW_DimClassroom,spCSS_StagingToEDW_DimClassroom,"FROM
             ",No db found
StagingToEDW_DimClassroom,spCSS_StagingToEDW_DimClassroom,FROM @tblMergeActions,No db found
StagingToEDW_DimClassroom,spCSS_StagingToEDW_DimClassroom,FROM @tblDeleteActions,No db found
StagingToEDW_DimClassroom,spCSS_StagingToEDW_DimClassroom,update in ,No db found
StagingToEDW_DimClassroom,spCSS_StagingToEDW_DimClassroom,FROM into Target.,Target
StagingToEDW_DimClassroom,spCSS_StagingToEDW_DimClassroom,DECLARE @ErrMsg NVARCHAR,No db found
StagingToEDW_DimCompany,spGL_StagingToEDW_DimCompany,FROM sys.objects,sys
StagingToEDW_DimCompany,spGL_StagingToEDW_DimCompany,from Staging to BING_EDW.,BING_EDW
StagingToEDW_DimCompany,spGL_StagingToEDW_DimCompany,from Source by calling,No db found
StagingToEDW_DimCompany,spGL_StagingToEDW_DimCompany,from SSIS logic,No db found
StagingToEDW_DimCompany,spGL_StagingToEDW_DimCompany,DECLARE @ProcName NVARCHAR,No db found
StagingToEDW_DimCompany,spGL_StagingToEDW_DimCompany,DECLARE @DebugMsg NVARCHAR,No db found
StagingToEDW_DimCompany,spGL_StagingToEDW_DimCompany,DECLARE @SourceName VARCHAR,No db found
StagingToEDW_DimCompany,spGL_StagingToEDW_DimCompany,DECLARE @AuditId BIGINT,No db found
StagingToEDW_DimCompany,spGL_StagingToEDW_DimCompany,DECLARE @RowCount INT,No db found
StagingToEDW_DimCompany,spGL_StagingToEDW_DimCompany,DECLARE @Error INT,No db found
StagingToEDW_DimCompany,spGL_StagingToEDW_DimCompany,DECLARE @SourceCount INT,No db found
StagingToEDW_DimCompany,spGL_StagingToEDW_DimCompany,DECLARE @InsertCount INT,No db found
StagingToEDW_DimCompany,spGL_StagingToEDW_DimCompany,DECLARE @UpdateCount INT,No db found
StagingToEDW_DimCompany,spGL_StagingToEDW_DimCompany,DECLARE @DeleteCount INT,No db found
StagingToEDW_DimCompany,spGL_StagingToEDW_DimCompany,DECLARE @tblMergeActions TABLE,No db found
StagingToEDW_DimCompany,spGL_StagingToEDW_DimCompany,DECLARE @tblDeleteActions TABLE,No db found
StagingToEDW_DimCompany,spGL_StagingToEDW_DimCompany,from Source,No db found
StagingToEDW_DimCompany,spGL_StagingToEDW_DimCompany,from source ,No db found
StagingToEDW_DimCompany,spGL_StagingToEDW_DimCompany,from Source.,Source
StagingToEDW_DimCompany,spGL_StagingToEDW_DimCompany,UPDATE SET,No db found
StagingToEDW_DimCompany,spGL_StagingToEDW_DimCompany,"FROM
             ",No db found
StagingToEDW_DimCompany,spGL_StagingToEDW_DimCompany,FROM @tblMergeActions,No db found
StagingToEDW_DimCompany,spGL_StagingToEDW_DimCompany,FROM @tblDeleteActions,No db found
StagingToEDW_DimCompany,spGL_StagingToEDW_DimCompany,from into Target.,Target
StagingToEDW_DimCompany,spGL_StagingToEDW_DimCompany,DECLARE @ErrMsg NVARCHAR,No db found
StagingToEDW_DimCompanyRollup,spGL_StagingToEDW_DimCompanyRollup,from Staging to BING_EDW.,BING_EDW
StagingToEDW_DimCompanyRollup,spGL_StagingToEDW_DimCompanyRollup,from Source by calling,No db found
StagingToEDW_DimCompanyRollup,spGL_StagingToEDW_DimCompanyRollup,DECLARE @ProcName NVARCHAR,No db found
StagingToEDW_DimCompanyRollup,spGL_StagingToEDW_DimCompanyRollup,DECLARE @DebugMsg NVARCHAR,No db found
StagingToEDW_DimCompanyRollup,spGL_StagingToEDW_DimCompanyRollup,DECLARE @SourceName VARCHAR,No db found
StagingToEDW_DimCompanyRollup,spGL_StagingToEDW_DimCompanyRollup,DECLARE @AuditId BIGINT,No db found
StagingToEDW_DimCompanyRollup,spGL_StagingToEDW_DimCompanyRollup,DECLARE @RowCount INT,No db found
StagingToEDW_DimCompanyRollup,spGL_StagingToEDW_DimCompanyRollup,DECLARE @Error INT,No db found
StagingToEDW_DimCompanyRollup,spGL_StagingToEDW_DimCompanyRollup,DECLARE @SourceCount INT,No db found
StagingToEDW_DimCompanyRollup,spGL_StagingToEDW_DimCompanyRollup,DECLARE @InsertCount INT,No db found
StagingToEDW_DimCompanyRollup,spGL_StagingToEDW_DimCompanyRollup,DECLARE @UpdateCount INT,No db found
StagingToEDW_DimCompanyRollup,spGL_StagingToEDW_DimCompanyRollup,DECLARE @DeleteCount INT,No db found
StagingToEDW_DimCompanyRollup,spGL_StagingToEDW_DimCompanyRollup,DECLARE @tblMergeActions TABLE,No db found
StagingToEDW_DimCompanyRollup,spGL_StagingToEDW_DimCompanyRollup,DECLARE @tblDeleteActions TABLE,No db found
StagingToEDW_DimCompanyRollup,spGL_StagingToEDW_DimCompanyRollup,from Source,No db found
StagingToEDW_DimCompanyRollup,spGL_StagingToEDW_DimCompanyRollup,from source ,No db found
StagingToEDW_DimCompanyRollup,spGL_StagingToEDW_DimCompanyRollup,from Source.,Source
StagingToEDW_DimCompanyRollup,spGL_StagingToEDW_DimCompanyRollup,UPDATE SET,No db found
StagingToEDW_DimCompanyRollup,spGL_StagingToEDW_DimCompanyRollup,"FROM
             ",No db found
StagingToEDW_DimCompanyRollup,spGL_StagingToEDW_DimCompanyRollup,FROM @tblMergeActions,No db found
StagingToEDW_DimCompanyRollup,spGL_StagingToEDW_DimCompanyRollup,FROM @tblDeleteActions,No db found
StagingToEDW_DimCompanyRollup,spGL_StagingToEDW_DimCompanyRollup,from into Target.,Target
StagingToEDW_DimCompanyRollup,spGL_StagingToEDW_DimCompanyRollup,DECLARE @ErrMsg NVARCHAR,No db found
StagingToEDW_DimComplianceItem,spHR_StagingToEDW_DimComplianceItem,FROM sys.objects,sys
StagingToEDW_DimComplianceItem,spHR_StagingToEDW_DimComplianceItem,Update ETL process for,No db found
StagingToEDW_DimComplianceItem,spHR_StagingToEDW_DimComplianceItem,from Staging to BING_EDW.,BING_EDW
StagingToEDW_DimComplianceItem,spHR_StagingToEDW_DimComplianceItem,from Source by calling,No db found
StagingToEDW_DimComplianceItem,spHR_StagingToEDW_DimComplianceItem,Update counts to caller,No db found
StagingToEDW_DimComplianceItem,spHR_StagingToEDW_DimComplianceItem,from source,No db found
StagingToEDW_DimComplianceItem,spHR_StagingToEDW_DimComplianceItem,DECLARE @ProcName NVARCHAR,No db found
StagingToEDW_DimComplianceItem,spHR_StagingToEDW_DimComplianceItem,DECLARE @DebugMsg NVARCHAR,No db found
StagingToEDW_DimComplianceItem,spHR_StagingToEDW_DimComplianceItem,DECLARE @SourceName VARCHAR,No db found
StagingToEDW_DimComplianceItem,spHR_StagingToEDW_DimComplianceItem,DECLARE @AuditId BIGINT,No db found
StagingToEDW_DimComplianceItem,spHR_StagingToEDW_DimComplianceItem,DECLARE @RowCount INT,No db found
StagingToEDW_DimComplianceItem,spHR_StagingToEDW_DimComplianceItem,DECLARE @Error INT,No db found
StagingToEDW_DimComplianceItem,spHR_StagingToEDW_DimComplianceItem,DECLARE @SourceCount INT,No db found
StagingToEDW_DimComplianceItem,spHR_StagingToEDW_DimComplianceItem,DECLARE @InsertCount INT,No db found
StagingToEDW_DimComplianceItem,spHR_StagingToEDW_DimComplianceItem,DECLARE @UpdateCount INT,No db found
StagingToEDW_DimComplianceItem,spHR_StagingToEDW_DimComplianceItem,DECLARE @DeleteCount INT,No db found
StagingToEDW_DimComplianceItem,spHR_StagingToEDW_DimComplianceItem,DECLARE @tblMergeActions TABLE,No db found
StagingToEDW_DimComplianceItem,spHR_StagingToEDW_DimComplianceItem,FROM Source,No db found
StagingToEDW_DimComplianceItem,spHR_StagingToEDW_DimComplianceItem,FROM source ,No db found
StagingToEDW_DimComplianceItem,spHR_StagingToEDW_DimComplianceItem,FROM Source.,Source
StagingToEDW_DimComplianceItem,spHR_StagingToEDW_DimComplianceItem,UPDATE SET,No db found
StagingToEDW_DimComplianceItem,spHR_StagingToEDW_DimComplianceItem,"FROM
             ",No db found
StagingToEDW_DimComplianceItem,spHR_StagingToEDW_DimComplianceItem,FROM @tblMergeActions,No db found
StagingToEDW_DimComplianceItem,spHR_StagingToEDW_DimComplianceItem,FROM into Target.,Target
StagingToEDW_DimComplianceItem,spHR_StagingToEDW_DimComplianceItem,DECLARE @ErrMsg NVARCHAR,No db found
StagingToEDW_DimComplianceRating,spHR_StagingToEDW_DimComplianceRating,from Staging to BING_EDW.,BING_EDW
StagingToEDW_DimComplianceRating,spHR_StagingToEDW_DimComplianceRating,from source,No db found
StagingToEDW_DimComplianceRating,spHR_StagingToEDW_DimComplianceRating,DECLARE @ProcName NVARCHAR,No db found
StagingToEDW_DimComplianceRating,spHR_StagingToEDW_DimComplianceRating,DECLARE @DebugMsg NVARCHAR,No db found
StagingToEDW_DimComplianceRating,spHR_StagingToEDW_DimComplianceRating,DECLARE @SourceName VARCHAR,No db found
StagingToEDW_DimComplianceRating,spHR_StagingToEDW_DimComplianceRating,DECLARE @AuditId BIGINT,No db found
StagingToEDW_DimComplianceRating,spHR_StagingToEDW_DimComplianceRating,DECLARE @RowCount INT,No db found
StagingToEDW_DimComplianceRating,spHR_StagingToEDW_DimComplianceRating,DECLARE @Error INT,No db found
StagingToEDW_DimComplianceRating,spHR_StagingToEDW_DimComplianceRating,DECLARE @SourceCount INT,No db found
StagingToEDW_DimComplianceRating,spHR_StagingToEDW_DimComplianceRating,DECLARE @InsertCount INT,No db found
StagingToEDW_DimComplianceRating,spHR_StagingToEDW_DimComplianceRating,DECLARE @UpdateCount INT,No db found
StagingToEDW_DimComplianceRating,spHR_StagingToEDW_DimComplianceRating,DECLARE @DeleteCount INT,No db found
StagingToEDW_DimComplianceRating,spHR_StagingToEDW_DimComplianceRating,from Source,No db found
StagingToEDW_DimComplianceRating,spHR_StagingToEDW_DimComplianceRating,from theb usual pattern of using,No db found
StagingToEDW_DimComplianceRating,spHR_StagingToEDW_DimComplianceRating,FROM dbo.vComplianceRatings,dbo
StagingToEDW_DimComplianceRating,spHR_StagingToEDW_DimComplianceRating,FROM [BING_EDW].[dbo].[DimComplianceRating],[BING_EDW]
StagingToEDW_DimComplianceRating,spHR_StagingToEDW_DimComplianceRating,from Target.,Target
StagingToEDW_DimComplianceRating,spHR_StagingToEDW_DimComplianceRating,INSERT INTO [BING_EDW].[dbo].[DimComplianceRating],[BING_EDW]
StagingToEDW_DimComplianceRating,spHR_StagingToEDW_DimComplianceRating,from source ,No db found
StagingToEDW_DimComplianceRating,spHR_StagingToEDW_DimComplianceRating,from Source.,Source
StagingToEDW_DimComplianceRating,spHR_StagingToEDW_DimComplianceRating,DECLARE @ErrMsg NVARCHAR,No db found
StagingToEDW_DimCostCenter,spGL_StagingToEDW_DimCostCenter,FROM sys.objects,sys
StagingToEDW_DimCostCenter,spGL_StagingToEDW_DimCostCenter,from Staging to BING_EDW.,BING_EDW
StagingToEDW_DimCostCenter,spGL_StagingToEDW_DimCostCenter,from Source by calling,No db found
StagingToEDW_DimCostCenter,spGL_StagingToEDW_DimCostCenter,from step 3,No db found
StagingToEDW_DimCostCenter,spGL_StagingToEDW_DimCostCenter,from source,No db found
StagingToEDW_DimCostCenter,spGL_StagingToEDW_DimCostCenter,DECLARE @ProcName NVARCHAR,No db found
StagingToEDW_DimCostCenter,spGL_StagingToEDW_DimCostCenter,DECLARE @DebugMsg NVARCHAR,No db found
StagingToEDW_DimCostCenter,spGL_StagingToEDW_DimCostCenter,DECLARE @SourceName VARCHAR,No db found
StagingToEDW_DimCostCenter,spGL_StagingToEDW_DimCostCenter,DECLARE @AuditId BIGINT,No db found
StagingToEDW_DimCostCenter,spGL_StagingToEDW_DimCostCenter,DECLARE @RowCount INT,No db found
StagingToEDW_DimCostCenter,spGL_StagingToEDW_DimCostCenter,DECLARE @Error INT,No db found
StagingToEDW_DimCostCenter,spGL_StagingToEDW_DimCostCenter,DECLARE @SourceCount INT,No db found
StagingToEDW_DimCostCenter,spGL_StagingToEDW_DimCostCenter,DECLARE @InsertCount INT,No db found
StagingToEDW_DimCostCenter,spGL_StagingToEDW_DimCostCenter,DECLARE @UpdateCount INT,No db found
StagingToEDW_DimCostCenter,spGL_StagingToEDW_DimCostCenter,DECLARE @DeleteCount INT,No db found
StagingToEDW_DimCostCenter,spGL_StagingToEDW_DimCostCenter,DECLARE @tblMrgeActions_SCD2 TABLE,No db found
StagingToEDW_DimCostCenter,spGL_StagingToEDW_DimCostCenter,from Source,No db found
StagingToEDW_DimCostCenter,spGL_StagingToEDW_DimCostCenter,from source ,No db found
StagingToEDW_DimCostCenter,spGL_StagingToEDW_DimCostCenter,from Source.,Source
StagingToEDW_DimCostCenter,spGL_StagingToEDW_DimCostCenter,update process for changed existing records,No db found
StagingToEDW_DimCostCenter,spGL_StagingToEDW_DimCostCenter,"from 
		   ",No db found
StagingToEDW_DimCostCenter,spGL_StagingToEDW_DimCostCenter,insert into the target table,No db found
StagingToEDW_DimCostCenter,spGL_StagingToEDW_DimCostCenter,UPDATE SET,No db found
StagingToEDW_DimCostCenter,spGL_StagingToEDW_DimCostCenter,from NULL ,No db found
StagingToEDW_DimCostCenter,spGL_StagingToEDW_DimCostCenter,"FROM
             ",No db found
StagingToEDW_DimCostCenter,spGL_StagingToEDW_DimCostCenter,FROM @tblMrgeActions_SCD2,No db found
StagingToEDW_DimCostCenter,spGL_StagingToEDW_DimCostCenter,INSERT INTO BING_EDW.dbo.DimCostCenter,BING_EDW
StagingToEDW_DimCostCenter,spGL_StagingToEDW_DimCostCenter,JOIN ,No db found
StagingToEDW_DimCostCenter,spGL_StagingToEDW_DimCostCenter,from into Target.,Target
StagingToEDW_DimCostCenter,spGL_StagingToEDW_DimCostCenter,DECLARE @ErrMsg NVARCHAR,No db found
StagingToEDW_DimCostCenterType,spGL_StagingToEDW_DimCostCenterType,FROM sys.objects,sys
StagingToEDW_DimCostCenterType,spGL_StagingToEDW_DimCostCenterType,from Staging to BING_EDW.,BING_EDW
StagingToEDW_DimCostCenterType,spGL_StagingToEDW_DimCostCenterType,from Source by calling,No db found
StagingToEDW_DimCostCenterType,spGL_StagingToEDW_DimCostCenterType,from source,No db found
StagingToEDW_DimCostCenterType,spGL_StagingToEDW_DimCostCenterType,DECLARE @ProcName NVARCHAR,No db found
StagingToEDW_DimCostCenterType,spGL_StagingToEDW_DimCostCenterType,DECLARE @DebugMsg NVARCHAR,No db found
StagingToEDW_DimCostCenterType,spGL_StagingToEDW_DimCostCenterType,DECLARE @SourceName VARCHAR,No db found
StagingToEDW_DimCostCenterType,spGL_StagingToEDW_DimCostCenterType,DECLARE @AuditId BIGINT,No db found
StagingToEDW_DimCostCenterType,spGL_StagingToEDW_DimCostCenterType,DECLARE @RowCount INT,No db found
StagingToEDW_DimCostCenterType,spGL_StagingToEDW_DimCostCenterType,DECLARE @Error INT,No db found
StagingToEDW_DimCostCenterType,spGL_StagingToEDW_DimCostCenterType,DECLARE @SourceCount INT,No db found
StagingToEDW_DimCostCenterType,spGL_StagingToEDW_DimCostCenterType,DECLARE @InsertCount INT,No db found
StagingToEDW_DimCostCenterType,spGL_StagingToEDW_DimCostCenterType,DECLARE @UpdateCount INT,No db found
StagingToEDW_DimCostCenterType,spGL_StagingToEDW_DimCostCenterType,DECLARE @DeleteCount INT,No db found
StagingToEDW_DimCostCenterType,spGL_StagingToEDW_DimCostCenterType,DECLARE @tblMergeActions TABLE,No db found
StagingToEDW_DimCostCenterType,spGL_StagingToEDW_DimCostCenterType,DECLARE @tblDeleteActions TABLE,No db found
StagingToEDW_DimCostCenterType,spGL_StagingToEDW_DimCostCenterType,from Source,No db found
StagingToEDW_DimCostCenterType,spGL_StagingToEDW_DimCostCenterType,from source ,No db found
StagingToEDW_DimCostCenterType,spGL_StagingToEDW_DimCostCenterType,from Source.,Source
StagingToEDW_DimCostCenterType,spGL_StagingToEDW_DimCostCenterType,UPDATE SET,No db found
StagingToEDW_DimCostCenterType,spGL_StagingToEDW_DimCostCenterType,"FROM
             ",No db found
StagingToEDW_DimCostCenterType,spGL_StagingToEDW_DimCostCenterType,FROM @tblMergeActions,No db found
StagingToEDW_DimCostCenterType,spGL_StagingToEDW_DimCostCenterType,FROM @tblDeleteActions,No db found
StagingToEDW_DimCostCenterType,spGL_StagingToEDW_DimCostCenterType,from into Target.,Target
StagingToEDW_DimCostCenterType,spGL_StagingToEDW_DimCostCenterType,DECLARE @ErrMsg NVARCHAR,No db found
StagingToEDW_DimCreditmemoType,spCMS_StagingToEDW_DimCreditMemoType,from Staging to BING_EDW.,BING_EDW
StagingToEDW_DimCreditmemoType,spCMS_StagingToEDW_DimCreditMemoType,from Source by calling,No db found
StagingToEDW_DimCreditmemoType,spCMS_StagingToEDW_DimCreditMemoType,from source,No db found
StagingToEDW_DimCreditmemoType,spCMS_StagingToEDW_DimCreditMemoType,from SSIS building temp tables in EDW to using stored,No db found
StagingToEDW_DimCreditmemoType,spCMS_StagingToEDW_DimCreditMemoType,DECLARE @ProcName NVARCHAR,No db found
StagingToEDW_DimCreditmemoType,spCMS_StagingToEDW_DimCreditMemoType,DECLARE @DebugMsg NVARCHAR,No db found
StagingToEDW_DimCreditmemoType,spCMS_StagingToEDW_DimCreditMemoType,DECLARE @SourceName VARCHAR,No db found
StagingToEDW_DimCreditmemoType,spCMS_StagingToEDW_DimCreditMemoType,DECLARE @AuditId BIGINT,No db found
StagingToEDW_DimCreditmemoType,spCMS_StagingToEDW_DimCreditMemoType,DECLARE @RowCount INT,No db found
StagingToEDW_DimCreditmemoType,spCMS_StagingToEDW_DimCreditMemoType,DECLARE @Error INT,No db found
StagingToEDW_DimCreditmemoType,spCMS_StagingToEDW_DimCreditMemoType,DECLARE @SourceCount INT,No db found
StagingToEDW_DimCreditmemoType,spCMS_StagingToEDW_DimCreditMemoType,DECLARE @InsertCount INT,No db found
StagingToEDW_DimCreditmemoType,spCMS_StagingToEDW_DimCreditMemoType,DECLARE @UpdateCount INT,No db found
StagingToEDW_DimCreditmemoType,spCMS_StagingToEDW_DimCreditMemoType,DECLARE @DeleteCount INT,No db found
StagingToEDW_DimCreditmemoType,spCMS_StagingToEDW_DimCreditMemoType,DECLARE @tblMergeActions TABLE,No db found
StagingToEDW_DimCreditmemoType,spCMS_StagingToEDW_DimCreditMemoType,DECLARE @tblDeleteActions TABLE,No db found
StagingToEDW_DimCreditmemoType,spCMS_StagingToEDW_DimCreditMemoType,from Source,No db found
StagingToEDW_DimCreditmemoType,spCMS_StagingToEDW_DimCreditMemoType,from source ,No db found
StagingToEDW_DimCreditmemoType,spCMS_StagingToEDW_DimCreditMemoType,from Source.,Source
StagingToEDW_DimCreditmemoType,spCMS_StagingToEDW_DimCreditMemoType,UPDATE SET,No db found
StagingToEDW_DimCreditmemoType,spCMS_StagingToEDW_DimCreditMemoType,"FROM
             ",No db found
StagingToEDW_DimCreditmemoType,spCMS_StagingToEDW_DimCreditMemoType,FROM @tblMergeActions,No db found
StagingToEDW_DimCreditmemoType,spCMS_StagingToEDW_DimCreditMemoType,FROM @tblDeleteActions,No db found
StagingToEDW_DimCreditmemoType,spCMS_StagingToEDW_DimCreditMemoType,update in ,No db found
StagingToEDW_DimCreditmemoType,spCMS_StagingToEDW_DimCreditMemoType,from into Target.,Target
StagingToEDW_DimCreditmemoType,spCMS_StagingToEDW_DimCreditMemoType,DECLARE @ErrMsg NVARCHAR,No db found
StagingToEDW_DimDataScenario,spEndAuditLog,update  audit table after the DML operation on the table,No db found
StagingToEDW_DimDataScenario,spEndAuditLog,FROM AuditLog,No db found
StagingToEDW_DimDataScenario,spEndAuditLog,UPDATE	AuditLog,No db found
StagingToEDW_DimDataScenario,spBeginAuditLog,update  audit table  before the DML operation on the table ,No db found
StagingToEDW_DimDataScenario,spBeginAuditLog,INSERT INTO AuditLog,No db found
StagingToEDW_DimDate,spGL_StagingToEDW_DimDate,FROM sys.objects,sys
StagingToEDW_DimDate,spGL_StagingToEDW_DimDate,from Staging to BING_EDW.,BING_EDW
StagingToEDW_DimDate,spGL_StagingToEDW_DimDate,from Source by calling,No db found
StagingToEDW_DimDate,spGL_StagingToEDW_DimDate,from source,No db found
StagingToEDW_DimDate,spGL_StagingToEDW_DimDate,DECLARE @ProcName NVARCHAR,No db found
StagingToEDW_DimDate,spGL_StagingToEDW_DimDate,DECLARE @DebugMsg NVARCHAR,No db found
StagingToEDW_DimDate,spGL_StagingToEDW_DimDate,DECLARE @SourceName VARCHAR,No db found
StagingToEDW_DimDate,spGL_StagingToEDW_DimDate,DECLARE @AuditId BIGINT,No db found
StagingToEDW_DimDate,spGL_StagingToEDW_DimDate,DECLARE @RowCount INT,No db found
StagingToEDW_DimDate,spGL_StagingToEDW_DimDate,DECLARE @Error INT,No db found
StagingToEDW_DimDate,spGL_StagingToEDW_DimDate,DECLARE @SourceCount INT,No db found
StagingToEDW_DimDate,spGL_StagingToEDW_DimDate,DECLARE @InsertCount INT,No db found
StagingToEDW_DimDate,spGL_StagingToEDW_DimDate,DECLARE @UpdateCount INT,No db found
StagingToEDW_DimDate,spGL_StagingToEDW_DimDate,DECLARE @DeleteCount INT,No db found
StagingToEDW_DimDate,spGL_StagingToEDW_DimDate,DECLARE @tblMergeActions TABLE,No db found
StagingToEDW_DimDate,spGL_StagingToEDW_DimDate,DECLARE @tblDeleteActions TABLE,No db found
StagingToEDW_DimDate,spGL_StagingToEDW_DimDate,from Source,No db found
StagingToEDW_DimDate,spGL_StagingToEDW_DimDate,from source ,No db found
StagingToEDW_DimDate,spGL_StagingToEDW_DimDate,from Source.,Source
StagingToEDW_DimDate,spGL_StagingToEDW_DimDate,UPDATE SET,No db found
StagingToEDW_DimDate,spGL_StagingToEDW_DimDate,"FROM
             ",No db found
StagingToEDW_DimDate,spGL_StagingToEDW_DimDate,FROM @tblMergeActions,No db found
StagingToEDW_DimDate,spGL_StagingToEDW_DimDate,FROM @tblDeleteActions,No db found
StagingToEDW_DimDate,spGL_StagingToEDW_DimDate,update in ,No db found
StagingToEDW_DimDate,spGL_StagingToEDW_DimDate,DECLARE @ErrMsg NVARCHAR,No db found
StagingToEDW_DimDiscountType,spCMS_StagingToEDW_DimDiscountType,FROM sys.objects,sys
StagingToEDW_DimDiscountType,spCMS_StagingToEDW_DimDiscountType,from Staging to BING_EDW.,BING_EDW
StagingToEDW_DimDiscountType,spCMS_StagingToEDW_DimDiscountType,from Source by calling,No db found
StagingToEDW_DimDiscountType,spCMS_StagingToEDW_DimDiscountType,from source,No db found
StagingToEDW_DimDiscountType,spCMS_StagingToEDW_DimDiscountType,DECLARE @ProcName NVARCHAR,No db found
StagingToEDW_DimDiscountType,spCMS_StagingToEDW_DimDiscountType,DECLARE @DebugMsg NVARCHAR,No db found
StagingToEDW_DimDiscountType,spCMS_StagingToEDW_DimDiscountType,DECLARE @SourceName VARCHAR,No db found
StagingToEDW_DimDiscountType,spCMS_StagingToEDW_DimDiscountType,DECLARE @AuditId BIGINT,No db found
StagingToEDW_DimDiscountType,spCMS_StagingToEDW_DimDiscountType,DECLARE @RowCount INT,No db found
StagingToEDW_DimDiscountType,spCMS_StagingToEDW_DimDiscountType,DECLARE @Error INT,No db found
StagingToEDW_DimDiscountType,spCMS_StagingToEDW_DimDiscountType,DECLARE @SourceCount INT,No db found
StagingToEDW_DimDiscountType,spCMS_StagingToEDW_DimDiscountType,DECLARE @InsertCount INT,No db found
StagingToEDW_DimDiscountType,spCMS_StagingToEDW_DimDiscountType,DECLARE @UpdateCount INT,No db found
StagingToEDW_DimDiscountType,spCMS_StagingToEDW_DimDiscountType,DECLARE @DeleteCount INT,No db found
StagingToEDW_DimDiscountType,spCMS_StagingToEDW_DimDiscountType,DECLARE @tblMergeActions TABLE,No db found
StagingToEDW_DimDiscountType,spCMS_StagingToEDW_DimDiscountType,DECLARE @tblDeleteActions TABLE,No db found
StagingToEDW_DimDiscountType,spCMS_StagingToEDW_DimDiscountType,from Source,No db found
StagingToEDW_DimDiscountType,spCMS_StagingToEDW_DimDiscountType,from source ,No db found
StagingToEDW_DimDiscountType,spCMS_StagingToEDW_DimDiscountType,from Source.,Source
StagingToEDW_DimDiscountType,spCMS_StagingToEDW_DimDiscountType,UPDATE SET,No db found
StagingToEDW_DimDiscountType,spCMS_StagingToEDW_DimDiscountType,"FROM
             ",No db found
StagingToEDW_DimDiscountType,spCMS_StagingToEDW_DimDiscountType,FROM @tblMergeActions,No db found
StagingToEDW_DimDiscountType,spCMS_StagingToEDW_DimDiscountType,FROM @tblDeleteActions,No db found
StagingToEDW_DimDiscountType,spCMS_StagingToEDW_DimDiscountType,update in ,No db found
StagingToEDW_DimDiscountType,spCMS_StagingToEDW_DimDiscountType,from into Target.,Target
StagingToEDW_DimDiscountType,spCMS_StagingToEDW_DimDiscountType,DECLARE @ErrMsg NVARCHAR,No db found
StagingToEDW_DimFeeType,spCMS_StagingToEDW_DimFeeType,from Staging to BING_EDW.,BING_EDW
StagingToEDW_DimFeeType,spCMS_StagingToEDW_DimFeeType,from Source by calling,No db found
StagingToEDW_DimFeeType,spCMS_StagingToEDW_DimFeeType,from step 3,No db found
StagingToEDW_DimFeeType,spCMS_StagingToEDW_DimFeeType,from source,No db found
StagingToEDW_DimFeeType,spCMS_StagingToEDW_DimFeeType,DECLARE @ProcName NVARCHAR,No db found
StagingToEDW_DimFeeType,spCMS_StagingToEDW_DimFeeType,DECLARE @DebugMsg NVARCHAR,No db found
StagingToEDW_DimFeeType,spCMS_StagingToEDW_DimFeeType,DECLARE @SourceName VARCHAR,No db found
StagingToEDW_DimFeeType,spCMS_StagingToEDW_DimFeeType,DECLARE @AuditId BIGINT,No db found
StagingToEDW_DimFeeType,spCMS_StagingToEDW_DimFeeType,DECLARE @RowCount INT,No db found
StagingToEDW_DimFeeType,spCMS_StagingToEDW_DimFeeType,DECLARE @Error INT,No db found
StagingToEDW_DimFeeType,spCMS_StagingToEDW_DimFeeType,DECLARE @SourceCount INT,No db found
StagingToEDW_DimFeeType,spCMS_StagingToEDW_DimFeeType,DECLARE @InsertCount INT,No db found
StagingToEDW_DimFeeType,spCMS_StagingToEDW_DimFeeType,DECLARE @UpdateCount INT,No db found
StagingToEDW_DimFeeType,spCMS_StagingToEDW_DimFeeType,DECLARE @DeleteCount INT,No db found
StagingToEDW_DimFeeType,spCMS_StagingToEDW_DimFeeType,DECLARE @tblMergeActions TABLE,No db found
StagingToEDW_DimFeeType,spCMS_StagingToEDW_DimFeeType,DECLARE @tblDeleteActions TABLE,No db found
StagingToEDW_DimFeeType,spCMS_StagingToEDW_DimFeeType,from Source,No db found
StagingToEDW_DimFeeType,spCMS_StagingToEDW_DimFeeType,from source ,No db found
StagingToEDW_DimFeeType,spCMS_StagingToEDW_DimFeeType,from Source.,Source
StagingToEDW_DimFeeType,spCMS_StagingToEDW_DimFeeType,update process for changed existing records,No db found
StagingToEDW_DimFeeType,spCMS_StagingToEDW_DimFeeType,"from 
		   ",No db found
StagingToEDW_DimFeeType,spCMS_StagingToEDW_DimFeeType,insert into the target table,No db found
StagingToEDW_DimFeeType,spCMS_StagingToEDW_DimFeeType,UPDATE SET,No db found
StagingToEDW_DimFeeType,spCMS_StagingToEDW_DimFeeType,"FROM
             ",No db found
StagingToEDW_DimFeeType,spCMS_StagingToEDW_DimFeeType,FROM @tblMergeActions,No db found
StagingToEDW_DimFeeType,spCMS_StagingToEDW_DimFeeType,FROM @tblDeleteActions,No db found
StagingToEDW_DimFeeType,spCMS_StagingToEDW_DimFeeType,update in ,No db found
StagingToEDW_DimFeeType,spCMS_StagingToEDW_DimFeeType,from into Target.,Target
StagingToEDW_DimFeeType,spCMS_StagingToEDW_DimFeeType,DECLARE @ErrMsg NVARCHAR,No db found
StagingToEDW_DimHRUser,spHR_StagingToEDW_DimHRUser,FROM sys.objects,sys
StagingToEDW_DimHRUser,spHR_StagingToEDW_DimHRUser,Update ETL process for,No db found
StagingToEDW_DimHRUser,spHR_StagingToEDW_DimHRUser,from Staging to BING_EDW.,BING_EDW
StagingToEDW_DimHRUser,spHR_StagingToEDW_DimHRUser,from Source by calling,No db found
StagingToEDW_DimHRUser,spHR_StagingToEDW_DimHRUser,Update counts to caller,No db found
StagingToEDW_DimHRUser,spHR_StagingToEDW_DimHRUser,from source,No db found
StagingToEDW_DimHRUser,spHR_StagingToEDW_DimHRUser,DECLARE @ProcName NVARCHAR,No db found
StagingToEDW_DimHRUser,spHR_StagingToEDW_DimHRUser,DECLARE @DebugMsg NVARCHAR,No db found
StagingToEDW_DimHRUser,spHR_StagingToEDW_DimHRUser,DECLARE @SourceName VARCHAR,No db found
StagingToEDW_DimHRUser,spHR_StagingToEDW_DimHRUser,DECLARE @AuditId BIGINT,No db found
StagingToEDW_DimHRUser,spHR_StagingToEDW_DimHRUser,DECLARE @RowCount INT,No db found
StagingToEDW_DimHRUser,spHR_StagingToEDW_DimHRUser,DECLARE @Error INT,No db found
StagingToEDW_DimHRUser,spHR_StagingToEDW_DimHRUser,DECLARE @SourceCount INT,No db found
StagingToEDW_DimHRUser,spHR_StagingToEDW_DimHRUser,DECLARE @InsertCount INT,No db found
StagingToEDW_DimHRUser,spHR_StagingToEDW_DimHRUser,DECLARE @UpdateCount INT,No db found
StagingToEDW_DimHRUser,spHR_StagingToEDW_DimHRUser,DECLARE @DeleteCount INT,No db found
StagingToEDW_DimHRUser,spHR_StagingToEDW_DimHRUser,DECLARE @tblMergeActions TABLE,No db found
StagingToEDW_DimHRUser,spHR_StagingToEDW_DimHRUser,FROM Source,No db found
StagingToEDW_DimHRUser,spHR_StagingToEDW_DimHRUser,FROM source ,No db found
StagingToEDW_DimHRUser,spHR_StagingToEDW_DimHRUser,FROM Source.,Source
StagingToEDW_DimHRUser,spHR_StagingToEDW_DimHRUser,UPDATE SET,No db found
StagingToEDW_DimHRUser,spHR_StagingToEDW_DimHRUser,"FROM
             ",No db found
StagingToEDW_DimHRUser,spHR_StagingToEDW_DimHRUser,FROM @tblMergeActions,No db found
StagingToEDW_DimHRUser,spHR_StagingToEDW_DimHRUser,FROM into Target.,Target
StagingToEDW_DimHRUser,spHR_StagingToEDW_DimHRUser,DECLARE @ErrMsg NVARCHAR,No db found
StagingToEDW_DimInvoiceType,spCMS_StagingToEDW_DimInvoiceType,from Staging to BING_EDW.,BING_EDW
StagingToEDW_DimInvoiceType,spCMS_StagingToEDW_DimInvoiceType,from Source by calling,No db found
StagingToEDW_DimInvoiceType,spCMS_StagingToEDW_DimInvoiceType,from source,No db found
StagingToEDW_DimInvoiceType,spCMS_StagingToEDW_DimInvoiceType,DECLARE @ProcName NVARCHAR,No db found
StagingToEDW_DimInvoiceType,spCMS_StagingToEDW_DimInvoiceType,DECLARE @DebugMsg NVARCHAR,No db found
StagingToEDW_DimInvoiceType,spCMS_StagingToEDW_DimInvoiceType,DECLARE @SourceName VARCHAR,No db found
StagingToEDW_DimInvoiceType,spCMS_StagingToEDW_DimInvoiceType,DECLARE @AuditId BIGINT,No db found
StagingToEDW_DimInvoiceType,spCMS_StagingToEDW_DimInvoiceType,DECLARE @RowCount INT,No db found
StagingToEDW_DimInvoiceType,spCMS_StagingToEDW_DimInvoiceType,DECLARE @Error INT,No db found
StagingToEDW_DimInvoiceType,spCMS_StagingToEDW_DimInvoiceType,DECLARE @SourceCount INT,No db found
StagingToEDW_DimInvoiceType,spCMS_StagingToEDW_DimInvoiceType,DECLARE @InsertCount INT,No db found
StagingToEDW_DimInvoiceType,spCMS_StagingToEDW_DimInvoiceType,DECLARE @UpdateCount INT,No db found
StagingToEDW_DimInvoiceType,spCMS_StagingToEDW_DimInvoiceType,DECLARE @DeleteCount INT,No db found
StagingToEDW_DimInvoiceType,spCMS_StagingToEDW_DimInvoiceType,DECLARE @tblMergeActions TABLE,No db found
StagingToEDW_DimInvoiceType,spCMS_StagingToEDW_DimInvoiceType,DECLARE @tblDeleteActions TABLE,No db found
StagingToEDW_DimInvoiceType,spCMS_StagingToEDW_DimInvoiceType,from Source,No db found
StagingToEDW_DimInvoiceType,spCMS_StagingToEDW_DimInvoiceType,from source ,No db found
StagingToEDW_DimInvoiceType,spCMS_StagingToEDW_DimInvoiceType,from Source.,Source
StagingToEDW_DimInvoiceType,spCMS_StagingToEDW_DimInvoiceType,UPDATE SET,No db found
StagingToEDW_DimInvoiceType,spCMS_StagingToEDW_DimInvoiceType,"FROM
             ",No db found
StagingToEDW_DimInvoiceType,spCMS_StagingToEDW_DimInvoiceType,FROM @tblMergeActions,No db found
StagingToEDW_DimInvoiceType,spCMS_StagingToEDW_DimInvoiceType,FROM @tblDeleteActions,No db found
StagingToEDW_DimInvoiceType,spCMS_StagingToEDW_DimInvoiceType,update in ,No db found
StagingToEDW_DimInvoiceType,spCMS_StagingToEDW_DimInvoiceType,from into Target.,Target
StagingToEDW_DimInvoiceType,spCMS_StagingToEDW_DimInvoiceType,DECLARE @ErrMsg NVARCHAR,No db found
StagingToEDW_DimLeadEventType,spBING_EDW_Generate_DimLeadEventType,update or [re]deploy the entire database solution,No db found
StagingToEDW_DimLeadEventType,spBING_EDW_Generate_DimLeadEventType,from scratch.,scratch
StagingToEDW_DimLeadEventType,spBING_EDW_Generate_DimLeadEventType,DECLARE @ProcName NVARCHAR,No db found
StagingToEDW_DimLeadEventType,spBING_EDW_Generate_DimLeadEventType,DECLARE @DebugMsg NVARCHAR,No db found
StagingToEDW_DimLeadEventType,spBING_EDW_Generate_DimLeadEventType,DECLARE @SourceName VARCHAR,No db found
StagingToEDW_DimLeadEventType,spBING_EDW_Generate_DimLeadEventType,DECLARE @AuditId BIGINT,No db found
StagingToEDW_DimLeadEventType,spBING_EDW_Generate_DimLeadEventType,DECLARE @RowCount INT,No db found
StagingToEDW_DimLeadEventType,spBING_EDW_Generate_DimLeadEventType,DECLARE @Error INT,No db found
StagingToEDW_DimLeadEventType,spBING_EDW_Generate_DimLeadEventType,DECLARE @SourceCount INT,No db found
StagingToEDW_DimLeadEventType,spBING_EDW_Generate_DimLeadEventType,DECLARE @InsertCount INT,No db found
StagingToEDW_DimLeadEventType,spBING_EDW_Generate_DimLeadEventType,DECLARE @UpdateCount INT,No db found
StagingToEDW_DimLeadEventType,spBING_EDW_Generate_DimLeadEventType,DECLARE @DeleteCount INT,No db found
StagingToEDW_DimLeadEventType,spBING_EDW_Generate_DimLeadEventType,FROM dbo.DimLeadEventType,dbo
StagingToEDW_DimLeadEventType,spBING_EDW_Generate_DimLeadEventType,from Target.,Target
StagingToEDW_DimLeadEventType,spBING_EDW_Generate_DimLeadEventType,Insert into dbo.DimLeadEventType,dbo
StagingToEDW_DimLeadEventType,spBING_EDW_Generate_DimLeadEventType,INSERT INTO dbo.DimLeadEventType,dbo
StagingToEDW_DimLeadEventType,spBING_EDW_Generate_DimLeadEventType,DECLARE @ErrMsg NVARCHAR,No db found
StagingToEDW_DimLeadType,spSalesForce_StagingToEDW_DimLeadType,from Staging to BING_EDW.,BING_EDW
StagingToEDW_DimLeadType,spSalesForce_StagingToEDW_DimLeadType,from source,No db found
StagingToEDW_DimLeadType,spSalesForce_StagingToEDW_DimLeadType,DECLARE @ProcName NVARCHAR,No db found
StagingToEDW_DimLeadType,spSalesForce_StagingToEDW_DimLeadType,DECLARE @DebugMsg NVARCHAR,No db found
StagingToEDW_DimLeadType,spSalesForce_StagingToEDW_DimLeadType,DECLARE @SourceName VARCHAR,No db found
StagingToEDW_DimLeadType,spSalesForce_StagingToEDW_DimLeadType,DECLARE @AuditId BIGINT,No db found
StagingToEDW_DimLeadType,spSalesForce_StagingToEDW_DimLeadType,DECLARE @RowCount INT,No db found
StagingToEDW_DimLeadType,spSalesForce_StagingToEDW_DimLeadType,DECLARE @Error INT,No db found
StagingToEDW_DimLeadType,spSalesForce_StagingToEDW_DimLeadType,DECLARE @SourceCount INT,No db found
StagingToEDW_DimLeadType,spSalesForce_StagingToEDW_DimLeadType,DECLARE @InsertCount INT,No db found
StagingToEDW_DimLeadType,spSalesForce_StagingToEDW_DimLeadType,DECLARE @UpdateCount INT,No db found
StagingToEDW_DimLeadType,spSalesForce_StagingToEDW_DimLeadType,DECLARE @DeleteCount INT,No db found
StagingToEDW_DimLeadType,spSalesForce_StagingToEDW_DimLeadType,from Source,No db found
StagingToEDW_DimLeadType,spSalesForce_StagingToEDW_DimLeadType,from theb usual pattern of using,No db found
StagingToEDW_DimLeadType,spSalesForce_StagingToEDW_DimLeadType,FROM dbo.vLeads,dbo
StagingToEDW_DimLeadType,spSalesForce_StagingToEDW_DimLeadType,FROM [BING_EDW].[dbo].[DimLeadType],[BING_EDW]
StagingToEDW_DimLeadType,spSalesForce_StagingToEDW_DimLeadType,from Target.,Target
StagingToEDW_DimLeadType,spSalesForce_StagingToEDW_DimLeadType,INSERT INTO [BING_EDW].[dbo].[DimLeadType],[BING_EDW]
StagingToEDW_DimLeadType,spSalesForce_StagingToEDW_DimLeadType,from source ,No db found
StagingToEDW_DimLeadType,spSalesForce_StagingToEDW_DimLeadType,from Source.,Source
StagingToEDW_DimLeadType,spSalesForce_StagingToEDW_DimLeadType,DECLARE @ErrMsg NVARCHAR,No db found
StagingToEDW_DimLeaveReason,spHR_StagingToEDW_DimLeaveReason,FROM sys.objects,sys
StagingToEDW_DimLeaveReason,spHR_StagingToEDW_DimLeaveReason,Update ETL process for,No db found
StagingToEDW_DimLeaveReason,spHR_StagingToEDW_DimLeaveReason,from Staging to BING_EDW.,BING_EDW
StagingToEDW_DimLeaveReason,spHR_StagingToEDW_DimLeaveReason,from Source by calling,No db found
StagingToEDW_DimLeaveReason,spHR_StagingToEDW_DimLeaveReason,Update counts to caller,No db found
StagingToEDW_DimLeaveReason,spHR_StagingToEDW_DimLeaveReason,from source,No db found
StagingToEDW_DimLeaveReason,spHR_StagingToEDW_DimLeaveReason,DECLARE @ProcName NVARCHAR,No db found
StagingToEDW_DimLeaveReason,spHR_StagingToEDW_DimLeaveReason,DECLARE @DebugMsg NVARCHAR,No db found
StagingToEDW_DimLeaveReason,spHR_StagingToEDW_DimLeaveReason,DECLARE @SourceName VARCHAR,No db found
StagingToEDW_DimLeaveReason,spHR_StagingToEDW_DimLeaveReason,DECLARE @AuditId BIGINT,No db found
StagingToEDW_DimLeaveReason,spHR_StagingToEDW_DimLeaveReason,DECLARE @RowCount INT,No db found
StagingToEDW_DimLeaveReason,spHR_StagingToEDW_DimLeaveReason,DECLARE @Error INT,No db found
StagingToEDW_DimLeaveReason,spHR_StagingToEDW_DimLeaveReason,DECLARE @SourceCount INT,No db found
StagingToEDW_DimLeaveReason,spHR_StagingToEDW_DimLeaveReason,DECLARE @InsertCount INT,No db found
StagingToEDW_DimLeaveReason,spHR_StagingToEDW_DimLeaveReason,DECLARE @UpdateCount INT,No db found
StagingToEDW_DimLeaveReason,spHR_StagingToEDW_DimLeaveReason,DECLARE @DeleteCount INT,No db found
StagingToEDW_DimLeaveReason,spHR_StagingToEDW_DimLeaveReason,DECLARE @SeedRowCount INT,No db found
StagingToEDW_DimLeaveReason,spHR_StagingToEDW_DimLeaveReason,DECLARE @tblMergeActions TABLE,No db found
StagingToEDW_DimLeaveReason,spHR_StagingToEDW_DimLeaveReason,FROM Source,No db found
StagingToEDW_DimLeaveReason,spHR_StagingToEDW_DimLeaveReason,FROM source ,No db found
StagingToEDW_DimLeaveReason,spHR_StagingToEDW_DimLeaveReason,FROM Source.,Source
StagingToEDW_DimLeaveReason,spHR_StagingToEDW_DimLeaveReason,FROM [BING_EDW].[dbo].[DimLeaveReason],[BING_EDW]
StagingToEDW_DimLeaveReason,spHR_StagingToEDW_DimLeaveReason,INSERT INTO [BING_EDW].[dbo].[DimLeaveReason] ,[BING_EDW]
StagingToEDW_DimLeaveReason,spHR_StagingToEDW_DimLeaveReason,UPDATE SET,No db found
StagingToEDW_DimLeaveReason,spHR_StagingToEDW_DimLeaveReason,"FROM
             ",No db found
StagingToEDW_DimLeaveReason,spHR_StagingToEDW_DimLeaveReason,FROM @tblMergeActions,No db found
StagingToEDW_DimLeaveReason,spHR_StagingToEDW_DimLeaveReason,FROM into Target.,Target
StagingToEDW_DimLeaveReason,spHR_StagingToEDW_DimLeaveReason,DECLARE @ErrMsg NVARCHAR,No db found
StagingToEDW_DimLeaveType,spHR_StagingToEDW_DimLeaveType,FROM sys.objects,sys
StagingToEDW_DimLeaveType,spHR_StagingToEDW_DimLeaveType,Update ETL process for,No db found
StagingToEDW_DimLeaveType,spHR_StagingToEDW_DimLeaveType,from Staging to BING_EDW.,BING_EDW
StagingToEDW_DimLeaveType,spHR_StagingToEDW_DimLeaveType,from Source by calling,No db found
StagingToEDW_DimLeaveType,spHR_StagingToEDW_DimLeaveType,Update counts to caller,No db found
StagingToEDW_DimLeaveType,spHR_StagingToEDW_DimLeaveType,from source,No db found
StagingToEDW_DimLeaveType,spHR_StagingToEDW_DimLeaveType,DECLARE @ProcName NVARCHAR,No db found
StagingToEDW_DimLeaveType,spHR_StagingToEDW_DimLeaveType,DECLARE @DebugMsg NVARCHAR,No db found
StagingToEDW_DimLeaveType,spHR_StagingToEDW_DimLeaveType,DECLARE @SourceName VARCHAR,No db found
StagingToEDW_DimLeaveType,spHR_StagingToEDW_DimLeaveType,DECLARE @AuditId BIGINT,No db found
StagingToEDW_DimLeaveType,spHR_StagingToEDW_DimLeaveType,DECLARE @RowCount INT,No db found
StagingToEDW_DimLeaveType,spHR_StagingToEDW_DimLeaveType,DECLARE @Error INT,No db found
StagingToEDW_DimLeaveType,spHR_StagingToEDW_DimLeaveType,DECLARE @SourceCount INT,No db found
StagingToEDW_DimLeaveType,spHR_StagingToEDW_DimLeaveType,DECLARE @InsertCount INT,No db found
StagingToEDW_DimLeaveType,spHR_StagingToEDW_DimLeaveType,DECLARE @UpdateCount INT,No db found
StagingToEDW_DimLeaveType,spHR_StagingToEDW_DimLeaveType,DECLARE @DeleteCount INT,No db found
StagingToEDW_DimLeaveType,spHR_StagingToEDW_DimLeaveType,DECLARE @tblMergeActions TABLE,No db found
StagingToEDW_DimLeaveType,spHR_StagingToEDW_DimLeaveType,FROM Source,No db found
StagingToEDW_DimLeaveType,spHR_StagingToEDW_DimLeaveType,FROM source ,No db found
StagingToEDW_DimLeaveType,spHR_StagingToEDW_DimLeaveType,FROM Source.,Source
StagingToEDW_DimLeaveType,spHR_StagingToEDW_DimLeaveType,UPDATE SET,No db found
StagingToEDW_DimLeaveType,spHR_StagingToEDW_DimLeaveType,"FROM
             ",No db found
StagingToEDW_DimLeaveType,spHR_StagingToEDW_DimLeaveType,FROM @tblMergeActions,No db found
StagingToEDW_DimLeaveType,spHR_StagingToEDW_DimLeaveType,FROM into Target.,Target
StagingToEDW_DimLeaveType,spHR_StagingToEDW_DimLeaveType,DECLARE @ErrMsg NVARCHAR,No db found
StagingToEDW_DimLifecycleStatus,spEndAuditLog,update  audit table after the DML operation on the table,No db found
StagingToEDW_DimLifecycleStatus,spEndAuditLog,FROM AuditLog,No db found
StagingToEDW_DimLifecycleStatus,spEndAuditLog,UPDATE	AuditLog,No db found
StagingToEDW_DimLifecycleStatus,spBeginAuditLog,update  audit table  before the DML operation on the table ,No db found
StagingToEDW_DimLifecycleStatus,spBeginAuditLog,INSERT INTO AuditLog,No db found
StagingToEDW_DimLocation,spHR_StagingToEDW_DimLocation,FROM sys.objects,sys
StagingToEDW_DimLocation,spHR_StagingToEDW_DimLocation,from Staging to BING_EDW.,BING_EDW
StagingToEDW_DimLocation,spHR_StagingToEDW_DimLocation,from Source by calling,No db found
StagingToEDW_DimLocation,spHR_StagingToEDW_DimLocation,from step 3,No db found
StagingToEDW_DimLocation,spHR_StagingToEDW_DimLocation,from source,No db found
StagingToEDW_DimLocation,spHR_StagingToEDW_DimLocation,from HR_Staging ,No db found
StagingToEDW_DimLocation,spHR_StagingToEDW_DimLocation,DECLARE @ProcName NVARCHAR,No db found
StagingToEDW_DimLocation,spHR_StagingToEDW_DimLocation,DECLARE @DebugMsg NVARCHAR,No db found
StagingToEDW_DimLocation,spHR_StagingToEDW_DimLocation,DECLARE @SourceName VARCHAR,No db found
StagingToEDW_DimLocation,spHR_StagingToEDW_DimLocation,DECLARE @AuditId BIGINT,No db found
StagingToEDW_DimLocation,spHR_StagingToEDW_DimLocation,DECLARE @RowCount INT,No db found
StagingToEDW_DimLocation,spHR_StagingToEDW_DimLocation,DECLARE @Error INT,No db found
StagingToEDW_DimLocation,spHR_StagingToEDW_DimLocation,DECLARE @SourceCount INT,No db found
StagingToEDW_DimLocation,spHR_StagingToEDW_DimLocation,DECLARE @InsertCount INT,No db found
StagingToEDW_DimLocation,spHR_StagingToEDW_DimLocation,DECLARE @UpdateCount INT,No db found
StagingToEDW_DimLocation,spHR_StagingToEDW_DimLocation,DECLARE @DeleteCount INT,No db found
StagingToEDW_DimLocation,spHR_StagingToEDW_DimLocation,DECLARE @tblMrgeActions_SCD2 TABLE,No db found
StagingToEDW_DimLocation,spHR_StagingToEDW_DimLocation,from Source,No db found
StagingToEDW_DimLocation,spHR_StagingToEDW_DimLocation,from source ,No db found
StagingToEDW_DimLocation,spHR_StagingToEDW_DimLocation,from Source.,Source
StagingToEDW_DimLocation,spHR_StagingToEDW_DimLocation,update process for changed existing records,No db found
StagingToEDW_DimLocation,spHR_StagingToEDW_DimLocation,"from 
		   ",No db found
StagingToEDW_DimLocation,spHR_StagingToEDW_DimLocation,insert into the target table,No db found
StagingToEDW_DimLocation,spHR_StagingToEDW_DimLocation,UPDATE SET,No db found
StagingToEDW_DimLocation,spHR_StagingToEDW_DimLocation,from NULL ,No db found
StagingToEDW_DimLocation,spHR_StagingToEDW_DimLocation,"FROM
             ",No db found
StagingToEDW_DimLocation,spHR_StagingToEDW_DimLocation,FROM @tblMrgeActions_SCD2,No db found
StagingToEDW_DimLocation,spHR_StagingToEDW_DimLocation,INSERT INTO BING_EDW.dbo.DimLocation,BING_EDW
StagingToEDW_DimLocation,spHR_StagingToEDW_DimLocation,JOIN ,No db found
StagingToEDW_DimLocation,spHR_StagingToEDW_DimLocation,from into Target.,Target
StagingToEDW_DimLocation,spHR_StagingToEDW_DimLocation,DECLARE @ErrMsg NVARCHAR,No db found
StagingToEDW_DimMartAccountSubAccount,spBeginAuditLog,update  audit table  before the DML operation on the table ,No db found
StagingToEDW_DimMartAccountSubAccount,spBeginAuditLog,INSERT INTO AuditLog,No db found
StagingToEDW_DimMartAccountSubAccount,spEndAuditLog,update  audit table after the DML operation on the table,No db found
StagingToEDW_DimMartAccountSubAccount,spEndAuditLog,FROM AuditLog,No db found
StagingToEDW_DimMartAccountSubAccount,spEndAuditLog,UPDATE	AuditLog,No db found
StagingToEDW_DimMartAccountSubAccount,spGL_Staging_AccountSubAccountLanding,DECLARE @ProcName NVARCHAR,No db found
StagingToEDW_DimMartAccountSubAccount,spGL_Staging_AccountSubAccountLanding,DECLARE @DebugMsg NVARCHAR,No db found
StagingToEDW_DimMartAccountSubAccount,spGL_Staging_AccountSubAccountLanding,DECLARE @SourceCount INT,No db found
StagingToEDW_DimMartAccountSubAccount,spGL_Staging_AccountSubAccountLanding,DECLARE @InsertCount INT,No db found
StagingToEDW_DimMartAccountSubAccount,spGL_Staging_AccountSubAccountLanding,from Source,No db found
StagingToEDW_DimMartAccountSubAccount,spGL_Staging_AccountSubAccountLanding,from source ,No db found
StagingToEDW_DimMartAccountSubAccount,spGL_Staging_AccountSubAccountLanding,from Source.,Source
StagingToEDW_DimMartAccountSubAccount,spGL_Staging_AccountSubAccountLanding,from temp table,No db found
StagingToEDW_DimMartAccountSubAccount,spGL_Staging_AccountSubAccountLanding,INSERT INTO dbo.AccountSubaccountLanding,dbo
StagingToEDW_DimMartAccountSubAccount,spGL_Staging_AccountSubAccountLanding,FROM dbo.AccountSubaccountLanding,dbo
StagingToEDW_DimMartAccountSubAccount,spGL_Staging_AccountSubAccountLanding,DECLARE @ErrMsg NVARCHAR,No db found
StagingToEDW_DimMartCostCenter,spBING_EDW_Generate_DimCostCenter,From and EffectiveTo is mapped wrong in ,No db found
StagingToEDW_DimMartCostCenter,spBING_EDW_Generate_DimCostCenter,DECLARE @ProcName NVARCHAR,No db found
StagingToEDW_DimMartCostCenter,spBING_EDW_Generate_DimCostCenter,DECLARE @DebugMsg NVARCHAR,No db found
StagingToEDW_DimMartCostCenter,spBING_EDW_Generate_DimCostCenter,DECLARE @SourceName VARCHAR,No db found
StagingToEDW_DimMartCostCenter,spBING_EDW_Generate_DimCostCenter,DECLARE @AuditId BIGINT,No db found
StagingToEDW_DimMartCostCenter,spBING_EDW_Generate_DimCostCenter,DECLARE @RowCount INT,No db found
StagingToEDW_DimMartCostCenter,spBING_EDW_Generate_DimCostCenter,DECLARE @Error INT,No db found
StagingToEDW_DimMartCostCenter,spBING_EDW_Generate_DimCostCenter,DECLARE @SourceCount INT,No db found
StagingToEDW_DimMartCostCenter,spBING_EDW_Generate_DimCostCenter,DECLARE @InsertCount INT,No db found
StagingToEDW_DimMartCostCenter,spBING_EDW_Generate_DimCostCenter,DECLARE @UpdateCount INT,No db found
StagingToEDW_DimMartCostCenter,spBING_EDW_Generate_DimCostCenter,DECLARE @DeleteCount INT,No db found
StagingToEDW_DimMartCostCenter,spBING_EDW_Generate_DimCostCenter,from [staging].[dbo].[DimMartCostCenterLanding],[staging]
StagingToEDW_DimMartCostCenter,spBING_EDW_Generate_DimCostCenter,from Target.,Target
StagingToEDW_DimMartCostCenter,spBING_EDW_Generate_DimCostCenter,update a,No db found
StagingToEDW_DimMartCostCenter,spBING_EDW_Generate_DimCostCenter,from dbo.DimMartCostCenter as a,dbo
StagingToEDW_DimMartCostCenter,spBING_EDW_Generate_DimCostCenter,join staging.dbo.DimMartCostcenterLanding as b,staging
StagingToEDW_DimMartCostCenter,spBING_EDW_Generate_DimCostCenter,From or,No db found
StagingToEDW_DimMartCostCenter,spBING_EDW_Generate_DimCostCenter,insert into dbo.DimMartCostCenter,dbo
StagingToEDW_DimMartCostCenter,spBING_EDW_Generate_DimCostCenter,from staging.dbo.dimmartcostcenterlanding as a,staging
StagingToEDW_DimMartCostCenter,spBING_EDW_Generate_DimCostCenter,join dbo.DimMartCostCenter as b,dbo
StagingToEDW_DimMartCostCenter,spBING_EDW_Generate_DimCostCenter,DECLARE @ErrMsg NVARCHAR,No db found
StagingToEDW_DimMartCostCenter,spBeginAuditLog,update  audit table  before the DML operation on the table ,No db found
StagingToEDW_DimMartCostCenter,spBeginAuditLog,INSERT INTO AuditLog,No db found
StagingToEDW_DimMartCostCenter,spEndAuditLog,update  audit table after the DML operation on the table,No db found
StagingToEDW_DimMartCostCenter,spEndAuditLog,FROM AuditLog,No db found
StagingToEDW_DimMartCostCenter,spEndAuditLog,UPDATE	AuditLog,No db found
StagingToEDW_DimMartPartner,spDimPartnerLoad,from Staging to DW_mart.,DW_mart
StagingToEDW_DimMartPartner,spDimPartnerLoad,from Source by calling,No db found
StagingToEDW_DimMartPartner,spDimPartnerLoad,from step 3,No db found
StagingToEDW_DimMartPartner,spDimPartnerLoad,from source,No db found
StagingToEDW_DimMartPartner,spDimPartnerLoad,DECLARE @ProcName NVARCHAR,No db found
StagingToEDW_DimMartPartner,spDimPartnerLoad,DECLARE @DebugMsg NVARCHAR,No db found
StagingToEDW_DimMartPartner,spDimPartnerLoad,DECLARE @SourceName VARCHAR,No db found
StagingToEDW_DimMartPartner,spDimPartnerLoad,DECLARE @RowCount INT,No db found
StagingToEDW_DimMartPartner,spDimPartnerLoad,DECLARE @Error INT,No db found
StagingToEDW_DimMartPartner,spDimPartnerLoad,DECLARE @SourceCount INT,No db found
StagingToEDW_DimMartPartner,spDimPartnerLoad,DECLARE @InsertCount INT,No db found
StagingToEDW_DimMartPartner,spDimPartnerLoad,DECLARE @UpdateCount INT,No db found
StagingToEDW_DimMartPartner,spDimPartnerLoad,DECLARE @DeleteCount INT,No db found
StagingToEDW_DimMartPartner,spDimPartnerLoad,DECLARE @EffectiveTo Datetime2,No db found
StagingToEDW_DimMartPartner,spDimPartnerLoad,DECLARE @tblMrgeActions_SCD2 TABLE,No db found
StagingToEDW_DimMartPartner,spDimPartnerLoad,from Source,No db found
StagingToEDW_DimMartPartner,spDimPartnerLoad,from source ,No db found
StagingToEDW_DimMartPartner,spDimPartnerLoad,FROM DW_Landing.dbo.DimPartnerLanding,DW_Landing
StagingToEDW_DimMartPartner,spDimPartnerLoad,from Source.,Source
StagingToEDW_DimMartPartner,spDimPartnerLoad,update process for changed existing records,No db found
StagingToEDW_DimMartPartner,spDimPartnerLoad,"from 
		   ",No db found
StagingToEDW_DimMartPartner,spDimPartnerLoad,insert into the target table,No db found
StagingToEDW_DimMartPartner,spDimPartnerLoad,UPDATE SET,No db found
StagingToEDW_DimMartPartner,spDimPartnerLoad,"From
                    INTO @tblMrgeActions_SCD2",No db found
StagingToEDW_DimMartPartner,spDimPartnerLoad,"FROM
             ",No db found
StagingToEDW_DimMartPartner,spDimPartnerLoad,FROM @tblMrgeActions_SCD2,No db found
StagingToEDW_DimMartPartner,spDimPartnerLoad,INSERT INTO DimPartner,No db found
StagingToEDW_DimMartPartner,spDimPartnerLoad,FROM DW_Landing.dbo.DimPartnerLanding S,DW_Landing
StagingToEDW_DimMartPartner,spDimPartnerLoad,JOIN ,No db found
StagingToEDW_DimMartPartner,spDimPartnerLoad,"From
                    WHERE scd2.MergeAction ",scd2
StagingToEDW_DimMartPartner,spDimPartnerLoad,from into Target.,Target
StagingToEDW_DimMartPartner,spDimPartnerLoad,DECLARE @ErrMsg NVARCHAR,No db found
StagingToEDW_DimMartProgram,spBeginAuditLog,update  audit table  before the DML operation on the table ,No db found
StagingToEDW_DimMartProgram,spBeginAuditLog,INSERT INTO AuditLog,No db found
StagingToEDW_DimMartProgram,spEndAuditLog,update  audit table after the DML operation on the table,No db found
StagingToEDW_DimMartProgram,spEndAuditLog,FROM AuditLog,No db found
StagingToEDW_DimMartProgram,spEndAuditLog,UPDATE	AuditLog,No db found
StagingToEDW_DimMartSession,spBeginAuditLog,update  audit table  before the DML operation on the table ,No db found
StagingToEDW_DimMartSession,spBeginAuditLog,INSERT INTO AuditLog,No db found
StagingToEDW_DimMartSession,spEndAuditLog,update  audit table after the DML operation on the table,No db found
StagingToEDW_DimMartSession,spEndAuditLog,FROM AuditLog,No db found
StagingToEDW_DimMartSession,spEndAuditLog,UPDATE	AuditLog,No db found
StagingToEDW_DimMartSponsor,spDimSponsorLoad,from Staging to DW_Mart.,DW_Mart
StagingToEDW_DimMartSponsor,spDimSponsorLoad,from source,No db found
StagingToEDW_DimMartSponsor,spDimSponsorLoad,DECLARE @ProcName NVARCHAR,No db found
StagingToEDW_DimMartSponsor,spDimSponsorLoad,DECLARE @DebugMsg NVARCHAR,No db found
StagingToEDW_DimMartSponsor,spDimSponsorLoad,DECLARE @SourceName VARCHAR,No db found
StagingToEDW_DimMartSponsor,spDimSponsorLoad,DECLARE @RowCount INT,No db found
StagingToEDW_DimMartSponsor,spDimSponsorLoad,DECLARE @Error INT,No db found
StagingToEDW_DimMartSponsor,spDimSponsorLoad,DECLARE @SourceCount INT,No db found
StagingToEDW_DimMartSponsor,spDimSponsorLoad,DECLARE @InsertCount INT,No db found
StagingToEDW_DimMartSponsor,spDimSponsorLoad,DECLARE @UpdateCount INT,No db found
StagingToEDW_DimMartSponsor,spDimSponsorLoad,DECLARE @DeleteCount INT,No db found
StagingToEDW_DimMartSponsor,spDimSponsorLoad,DECLARE @EffectiveTo Datetime2,No db found
StagingToEDW_DimMartSponsor,spDimSponsorLoad,DECLARE @tblMrgeActions_SCD2 TABLE,No db found
StagingToEDW_DimMartSponsor,spDimSponsorLoad,from Source,No db found
StagingToEDW_DimMartSponsor,spDimSponsorLoad,from source ,No db found
StagingToEDW_DimMartSponsor,spDimSponsorLoad,FROM DW_Landing.dbo.DimSponsorLanding,DW_Landing
StagingToEDW_DimMartSponsor,spDimSponsorLoad,from Source.,Source
StagingToEDW_DimMartSponsor,spDimSponsorLoad,update process for changed existing records,No db found
StagingToEDW_DimMartSponsor,spDimSponsorLoad,"from 
		   ",No db found
StagingToEDW_DimMartSponsor,spDimSponsorLoad,insert into the target table,No db found
StagingToEDW_DimMartSponsor,spDimSponsorLoad,UPDATE SET,No db found
StagingToEDW_DimMartSponsor,spDimSponsorLoad,"From
                    INTO @tblMrgeActions_SCD2",No db found
StagingToEDW_DimMartSponsor,spDimSponsorLoad,"FROM
             ",No db found
StagingToEDW_DimMartSponsor,spDimSponsorLoad,FROM @tblMrgeActions_SCD2,No db found
StagingToEDW_DimMartSponsor,spDimSponsorLoad,INSERT INTO DimSponsor,No db found
StagingToEDW_DimMartSponsor,spDimSponsorLoad,FROM DW_Landing.dbo.DimSponsorLanding S,DW_Landing
StagingToEDW_DimMartSponsor,spDimSponsorLoad,JOIN ,No db found
StagingToEDW_DimMartSponsor,spDimSponsorLoad,"From
                    WHERE scd2.MergeAction ",scd2
StagingToEDW_DimMartSponsor,spDimSponsorLoad,from into Target.,Target
StagingToEDW_DimMartSponsor,spDimSponsorLoad,DECLARE @ErrMsg NVARCHAR,No db found
StagingToEDW_DimMartStudent,spDimStudentLoad,from Staging to DW_mart.  ,DW_mart
StagingToEDW_DimMartStudent,spDimStudentLoad,from Source by calling  ,No db found
StagingToEDW_DimMartStudent,spDimStudentLoad,from step 3,No db found
StagingToEDW_DimMartStudent,spDimStudentLoad,from source  ,No db found
StagingToEDW_DimMartStudent,spDimStudentLoad,DECLARE @ProcName NVARCHAR,No db found
StagingToEDW_DimMartStudent,spDimStudentLoad,DECLARE @DebugMsg NVARCHAR,No db found
StagingToEDW_DimMartStudent,spDimStudentLoad,DECLARE @SourceName VARCHAR,No db found
StagingToEDW_DimMartStudent,spDimStudentLoad,DECLARE @RowCount INT,No db found
StagingToEDW_DimMartStudent,spDimStudentLoad,DECLARE @Error INT,No db found
StagingToEDW_DimMartStudent,spDimStudentLoad,DECLARE @SourceCount INT,No db found
StagingToEDW_DimMartStudent,spDimStudentLoad,DECLARE @InsertCount INT,No db found
StagingToEDW_DimMartStudent,spDimStudentLoad,DECLARE @UpdateCount INT,No db found
StagingToEDW_DimMartStudent,spDimStudentLoad,DECLARE @DeleteCount INT,No db found
StagingToEDW_DimMartStudent,spDimStudentLoad,DECLARE @EffectiveTo Datetime2,No db found
StagingToEDW_DimMartStudent,spDimStudentLoad,DECLARE @tblMrgeActions_SCD2 TABLE  ,No db found
StagingToEDW_DimMartStudent,spDimStudentLoad,from Source,No db found
StagingToEDW_DimMartStudent,spDimStudentLoad,from source   ,No db found
StagingToEDW_DimMartStudent,spDimStudentLoad,FROM DW_Landing.dbo.DimStudentLanding,DW_Landing
StagingToEDW_DimMartStudent,spDimStudentLoad,from Source.,Source
StagingToEDW_DimMartStudent,spDimStudentLoad,update process for changed existing records,No db found
StagingToEDW_DimMartStudent,spDimStudentLoad,"from   
     ",No db found
StagingToEDW_DimMartStudent,spDimStudentLoad,insert into the target table,No db found
StagingToEDW_DimMartStudent,spDimStudentLoad,UPDATE SET  ,No db found
StagingToEDW_DimMartStudent,spDimStudentLoad,from NULL ,No db found
StagingToEDW_DimMartStudent,spDimStudentLoad,"From  
                    INTO @tblMrgeActions_SCD2",No db found
StagingToEDW_DimMartStudent,spDimStudentLoad,"FROM  
             ",No db found
StagingToEDW_DimMartStudent,spDimStudentLoad,FROM @tblMrgeActions_SCD2  ,No db found
StagingToEDW_DimMartStudent,spDimStudentLoad,INSERT INTO DimStudent,No db found
StagingToEDW_DimMartStudent,spDimStudentLoad,FROM DW_Landing.dbo.DimStudentLanding S  ,DW_Landing
StagingToEDW_DimMartStudent,spDimStudentLoad,JOIN ,No db found
StagingToEDW_DimMartStudent,spDimStudentLoad,"From  
                    WHERE scd2.MergeAction ",scd2
StagingToEDW_DimMartStudent,spDimStudentLoad,from into Target.,Target
StagingToEDW_DimMartStudent,spDimStudentLoad,DECLARE @ErrMsg NVARCHAR,No db found
StagingToEDW_DimMartTier,spBeginAuditLog,update  audit table  before the DML operation on the table ,No db found
StagingToEDW_DimMartTier,spBeginAuditLog,INSERT INTO AuditLog,No db found
StagingToEDW_DimMartTier,spEndAuditLog,update  audit table after the DML operation on the table,No db found
StagingToEDW_DimMartTier,spEndAuditLog,FROM AuditLog,No db found
StagingToEDW_DimMartTier,spEndAuditLog,UPDATE	AuditLog,No db found
StagingToEDW_DimMartTuitionAssistanceProvider,spBeginAuditLog,update  audit table  before the DML operation on the table ,No db found
StagingToEDW_DimMartTuitionAssistanceProvider,spBeginAuditLog,INSERT INTO AuditLog,No db found
StagingToEDW_DimMartTuitionAssistanceProvider,spEndAuditLog,update  audit table after the DML operation on the table,No db found
StagingToEDW_DimMartTuitionAssistanceProvider,spEndAuditLog,FROM AuditLog,No db found
StagingToEDW_DimMartTuitionAssistanceProvider,spEndAuditLog,UPDATE	AuditLog,No db found
StagingToEDW_DimMeasure,spBeginAuditLog,update  audit table  before the DML operation on the table ,No db found
StagingToEDW_DimMeasure,spBeginAuditLog,INSERT INTO AuditLog,No db found
StagingToEDW_DimMeasure,spEndAuditLog,update  audit table after the DML operation on the table,No db found
StagingToEDW_DimMeasure,spEndAuditLog,FROM AuditLog,No db found
StagingToEDW_DimMeasure,spEndAuditLog,UPDATE	AuditLog,No db found
StagingToEDW_DimOrganization,spHR_StagingToEDW_DimOrganization,FROM sys.objects,sys
StagingToEDW_DimOrganization,spHR_StagingToEDW_DimOrganization,from Staging to BING_EDW.,BING_EDW
StagingToEDW_DimOrganization,spHR_StagingToEDW_DimOrganization,from Source by calling,No db found
StagingToEDW_DimOrganization,spHR_StagingToEDW_DimOrganization,from step 3,No db found
StagingToEDW_DimOrganization,spHR_StagingToEDW_DimOrganization,from source,No db found
StagingToEDW_DimOrganization,spHR_StagingToEDW_DimOrganization,DECLARE @ProcName NVARCHAR,No db found
StagingToEDW_DimOrganization,spHR_StagingToEDW_DimOrganization,DECLARE @DebugMsg NVARCHAR,No db found
StagingToEDW_DimOrganization,spHR_StagingToEDW_DimOrganization,DECLARE @SourceName VARCHAR,No db found
StagingToEDW_DimOrganization,spHR_StagingToEDW_DimOrganization,DECLARE @AuditId BIGINT,No db found
StagingToEDW_DimOrganization,spHR_StagingToEDW_DimOrganization,DECLARE @RowCount INT,No db found
StagingToEDW_DimOrganization,spHR_StagingToEDW_DimOrganization,DECLARE @Error INT,No db found
StagingToEDW_DimOrganization,spHR_StagingToEDW_DimOrganization,DECLARE @SourceCount INT,No db found
StagingToEDW_DimOrganization,spHR_StagingToEDW_DimOrganization,DECLARE @InsertCount INT,No db found
StagingToEDW_DimOrganization,spHR_StagingToEDW_DimOrganization,DECLARE @UpdateCount INT,No db found
StagingToEDW_DimOrganization,spHR_StagingToEDW_DimOrganization,DECLARE @DeleteCount INT,No db found
StagingToEDW_DimOrganization,spHR_StagingToEDW_DimOrganization,DECLARE @tblMrgeActions_SCD2 TABLE,No db found
StagingToEDW_DimOrganization,spHR_StagingToEDW_DimOrganization,from Source,No db found
StagingToEDW_DimOrganization,spHR_StagingToEDW_DimOrganization,from source ,No db found
StagingToEDW_DimOrganization,spHR_StagingToEDW_DimOrganization,from Source.,Source
StagingToEDW_DimOrganization,spHR_StagingToEDW_DimOrganization,UPDATE tgt,No db found
StagingToEDW_DimOrganization,spHR_StagingToEDW_DimOrganization,FROM BING_EDW.dbo.DimOrganization AS tgt ,BING_EDW
StagingToEDW_DimOrganization,spHR_StagingToEDW_DimOrganization,JOIN ,No db found
StagingToEDW_DimOrganization,spHR_StagingToEDW_DimOrganization,update process for changed existing records,No db found
StagingToEDW_DimOrganization,spHR_StagingToEDW_DimOrganization,"from 
		   ",No db found
StagingToEDW_DimOrganization,spHR_StagingToEDW_DimOrganization,insert into the target table,No db found
StagingToEDW_DimOrganization,spHR_StagingToEDW_DimOrganization,"update
                                  AND S.OrgID ",S
StagingToEDW_DimOrganization,spHR_StagingToEDW_DimOrganization,UPDATE SET,No db found
StagingToEDW_DimOrganization,spHR_StagingToEDW_DimOrganization,from NULL ,No db found
StagingToEDW_DimOrganization,spHR_StagingToEDW_DimOrganization,"FROM
             ",No db found
StagingToEDW_DimOrganization,spHR_StagingToEDW_DimOrganization,FROM @tblMrgeActions_SCD2,No db found
StagingToEDW_DimOrganization,spHR_StagingToEDW_DimOrganization,INSERT INTO BING_EDW.dbo.DimOrganization,BING_EDW
StagingToEDW_DimOrganization,spHR_StagingToEDW_DimOrganization,from into Target.,Target
StagingToEDW_DimOrganization,spHR_StagingToEDW_DimOrganization,DECLARE @ErrMsg NVARCHAR,No db found
StagingToEDW_DimPayBasis,spHR_StagingToEDW_DimPayBasis,FROM sys.objects,sys
StagingToEDW_DimPayBasis,spHR_StagingToEDW_DimPayBasis,Update ETL process for,No db found
StagingToEDW_DimPayBasis,spHR_StagingToEDW_DimPayBasis,from Staging to BING_EDW.,BING_EDW
StagingToEDW_DimPayBasis,spHR_StagingToEDW_DimPayBasis,from Source by calling,No db found
StagingToEDW_DimPayBasis,spHR_StagingToEDW_DimPayBasis,Update counts to caller,No db found
StagingToEDW_DimPayBasis,spHR_StagingToEDW_DimPayBasis,from source,No db found
StagingToEDW_DimPayBasis,spHR_StagingToEDW_DimPayBasis,DECLARE @ProcName NVARCHAR,No db found
StagingToEDW_DimPayBasis,spHR_StagingToEDW_DimPayBasis,DECLARE @DebugMsg NVARCHAR,No db found
StagingToEDW_DimPayBasis,spHR_StagingToEDW_DimPayBasis,DECLARE @SourceName VARCHAR,No db found
StagingToEDW_DimPayBasis,spHR_StagingToEDW_DimPayBasis,DECLARE @AuditId BIGINT,No db found
StagingToEDW_DimPayBasis,spHR_StagingToEDW_DimPayBasis,DECLARE @RowCount INT,No db found
StagingToEDW_DimPayBasis,spHR_StagingToEDW_DimPayBasis,DECLARE @Error INT,No db found
StagingToEDW_DimPayBasis,spHR_StagingToEDW_DimPayBasis,DECLARE @SourceCount INT,No db found
StagingToEDW_DimPayBasis,spHR_StagingToEDW_DimPayBasis,DECLARE @InsertCount INT,No db found
StagingToEDW_DimPayBasis,spHR_StagingToEDW_DimPayBasis,DECLARE @UpdateCount INT,No db found
StagingToEDW_DimPayBasis,spHR_StagingToEDW_DimPayBasis,DECLARE @DeleteCount INT,No db found
StagingToEDW_DimPayBasis,spHR_StagingToEDW_DimPayBasis,DECLARE @tblMergeActions TABLE,No db found
StagingToEDW_DimPayBasis,spHR_StagingToEDW_DimPayBasis,FROM Source,No db found
StagingToEDW_DimPayBasis,spHR_StagingToEDW_DimPayBasis,FROM source ,No db found
StagingToEDW_DimPayBasis,spHR_StagingToEDW_DimPayBasis,FROM Source.,Source
StagingToEDW_DimPayBasis,spHR_StagingToEDW_DimPayBasis,UPDATE SET,No db found
StagingToEDW_DimPayBasis,spHR_StagingToEDW_DimPayBasis,"FROM
             ",No db found
StagingToEDW_DimPayBasis,spHR_StagingToEDW_DimPayBasis,FROM @tblMergeActions,No db found
StagingToEDW_DimPayBasis,spHR_StagingToEDW_DimPayBasis,FROM into Target.,Target
StagingToEDW_DimPayBasis,spHR_StagingToEDW_DimPayBasis,DECLARE @ErrMsg NVARCHAR,No db found
StagingToEDW_DimPayGrade,spHR_StagingToEDW_DimPayGrade,FROM sys.objects,sys
StagingToEDW_DimPayGrade,spHR_StagingToEDW_DimPayGrade,Update ETL process for,No db found
StagingToEDW_DimPayGrade,spHR_StagingToEDW_DimPayGrade,from Staging to BING_EDW.,BING_EDW
StagingToEDW_DimPayGrade,spHR_StagingToEDW_DimPayGrade,from Source by calling,No db found
StagingToEDW_DimPayGrade,spHR_StagingToEDW_DimPayGrade,Update counts to caller,No db found
StagingToEDW_DimPayGrade,spHR_StagingToEDW_DimPayGrade,from source,No db found
StagingToEDW_DimPayGrade,spHR_StagingToEDW_DimPayGrade,DECLARE @ProcName NVARCHAR,No db found
StagingToEDW_DimPayGrade,spHR_StagingToEDW_DimPayGrade,DECLARE @DebugMsg NVARCHAR,No db found
StagingToEDW_DimPayGrade,spHR_StagingToEDW_DimPayGrade,DECLARE @SourceName VARCHAR,No db found
StagingToEDW_DimPayGrade,spHR_StagingToEDW_DimPayGrade,DECLARE @AuditId BIGINT,No db found
StagingToEDW_DimPayGrade,spHR_StagingToEDW_DimPayGrade,DECLARE @RowCount INT,No db found
StagingToEDW_DimPayGrade,spHR_StagingToEDW_DimPayGrade,DECLARE @Error INT,No db found
StagingToEDW_DimPayGrade,spHR_StagingToEDW_DimPayGrade,DECLARE @SourceCount INT,No db found
StagingToEDW_DimPayGrade,spHR_StagingToEDW_DimPayGrade,DECLARE @InsertCount INT,No db found
StagingToEDW_DimPayGrade,spHR_StagingToEDW_DimPayGrade,DECLARE @UpdateCount INT,No db found
StagingToEDW_DimPayGrade,spHR_StagingToEDW_DimPayGrade,DECLARE @DeleteCount INT,No db found
StagingToEDW_DimPayGrade,spHR_StagingToEDW_DimPayGrade,DECLARE @tblMergeActions TABLE,No db found
StagingToEDW_DimPayGrade,spHR_StagingToEDW_DimPayGrade,FROM Source,No db found
StagingToEDW_DimPayGrade,spHR_StagingToEDW_DimPayGrade,FROM source ,No db found
StagingToEDW_DimPayGrade,spHR_StagingToEDW_DimPayGrade,FROM Source.,Source
StagingToEDW_DimPayGrade,spHR_StagingToEDW_DimPayGrade,UPDATE SET,No db found
StagingToEDW_DimPayGrade,spHR_StagingToEDW_DimPayGrade,"FROM
             ",No db found
StagingToEDW_DimPayGrade,spHR_StagingToEDW_DimPayGrade,FROM @tblMergeActions,No db found
StagingToEDW_DimPayGrade,spHR_StagingToEDW_DimPayGrade,FROM into Target.,Target
StagingToEDW_DimPayGrade,spHR_StagingToEDW_DimPayGrade,DECLARE @ErrMsg NVARCHAR,No db found
StagingToEDW_DimPaymentType,spCMS_StagingToEDW_DimPaymentType,Update ETL process for,No db found
StagingToEDW_DimPaymentType,spCMS_StagingToEDW_DimPaymentType,from Staging to BING_EDW.,BING_EDW
StagingToEDW_DimPaymentType,spCMS_StagingToEDW_DimPaymentType,from Source by calling,No db found
StagingToEDW_DimPaymentType,spCMS_StagingToEDW_DimPaymentType,Update  required for this EDW,No db found
StagingToEDW_DimPaymentType,spCMS_StagingToEDW_DimPaymentType,from source,No db found
StagingToEDW_DimPaymentType,spCMS_StagingToEDW_DimPaymentType,DECLARE @ProcName NVARCHAR,No db found
StagingToEDW_DimPaymentType,spCMS_StagingToEDW_DimPaymentType,DECLARE @DebugMsg NVARCHAR,No db found
StagingToEDW_DimPaymentType,spCMS_StagingToEDW_DimPaymentType,DECLARE @SourceName VARCHAR,No db found
StagingToEDW_DimPaymentType,spCMS_StagingToEDW_DimPaymentType,DECLARE @AuditId BIGINT,No db found
StagingToEDW_DimPaymentType,spCMS_StagingToEDW_DimPaymentType,DECLARE @RowCount INT,No db found
StagingToEDW_DimPaymentType,spCMS_StagingToEDW_DimPaymentType,DECLARE @Error INT,No db found
StagingToEDW_DimPaymentType,spCMS_StagingToEDW_DimPaymentType,DECLARE @SourceCount INT,No db found
StagingToEDW_DimPaymentType,spCMS_StagingToEDW_DimPaymentType,DECLARE @InsertCount INT,No db found
StagingToEDW_DimPaymentType,spCMS_StagingToEDW_DimPaymentType,DECLARE @UpdateCount INT,No db found
StagingToEDW_DimPaymentType,spCMS_StagingToEDW_DimPaymentType,DECLARE @DeleteCount INT,No db found
StagingToEDW_DimPaymentType,spCMS_StagingToEDW_DimPaymentType,DECLARE @tblMergeActions TABLE,No db found
StagingToEDW_DimPaymentType,spCMS_StagingToEDW_DimPaymentType,DECLARE @tblDeleteActions TABLE,No db found
StagingToEDW_DimPaymentType,spCMS_StagingToEDW_DimPaymentType,from Source,No db found
StagingToEDW_DimPaymentType,spCMS_StagingToEDW_DimPaymentType,from source ,No db found
StagingToEDW_DimPaymentType,spCMS_StagingToEDW_DimPaymentType,from Source.,Source
StagingToEDW_DimPaymentType,spCMS_StagingToEDW_DimPaymentType,update process for changed existing records,No db found
StagingToEDW_DimPaymentType,spCMS_StagingToEDW_DimPaymentType,"from 
		   ",No db found
StagingToEDW_DimPaymentType,spCMS_StagingToEDW_DimPaymentType,insert into the target table,No db found
StagingToEDW_DimPaymentType,spCMS_StagingToEDW_DimPaymentType,UPDATE SET,No db found
StagingToEDW_DimPaymentType,spCMS_StagingToEDW_DimPaymentType,"FROM
             ",No db found
StagingToEDW_DimPaymentType,spCMS_StagingToEDW_DimPaymentType,FROM @tblMergeActions,No db found
StagingToEDW_DimPaymentType,spCMS_StagingToEDW_DimPaymentType,FROM @tblDeleteActions,No db found
StagingToEDW_DimPaymentType,spCMS_StagingToEDW_DimPaymentType,update in ,No db found
StagingToEDW_DimPaymentType,spCMS_StagingToEDW_DimPaymentType,from into Target.,Target
StagingToEDW_DimPaymentType,spCMS_StagingToEDW_DimPaymentType,DECLARE @ErrMsg NVARCHAR,No db found
StagingToEDW_DimPayRateChangeReason,spHR_StagingToEDW_DimPayRateChangeReason,FROM sys.objects,sys
StagingToEDW_DimPayRateChangeReason,spHR_StagingToEDW_DimPayRateChangeReason,Update ETL process for,No db found
StagingToEDW_DimPayRateChangeReason,spHR_StagingToEDW_DimPayRateChangeReason,from Staging to BING_EDW.,BING_EDW
StagingToEDW_DimPayRateChangeReason,spHR_StagingToEDW_DimPayRateChangeReason,from Source by calling,No db found
StagingToEDW_DimPayRateChangeReason,spHR_StagingToEDW_DimPayRateChangeReason,Update counts to caller,No db found
StagingToEDW_DimPayRateChangeReason,spHR_StagingToEDW_DimPayRateChangeReason,from source,No db found
StagingToEDW_DimPayRateChangeReason,spHR_StagingToEDW_DimPayRateChangeReason,DECLARE @ProcName NVARCHAR,No db found
StagingToEDW_DimPayRateChangeReason,spHR_StagingToEDW_DimPayRateChangeReason,DECLARE @DebugMsg NVARCHAR,No db found
StagingToEDW_DimPayRateChangeReason,spHR_StagingToEDW_DimPayRateChangeReason,DECLARE @SourceName VARCHAR,No db found
StagingToEDW_DimPayRateChangeReason,spHR_StagingToEDW_DimPayRateChangeReason,DECLARE @AuditId BIGINT,No db found
StagingToEDW_DimPayRateChangeReason,spHR_StagingToEDW_DimPayRateChangeReason,DECLARE @RowCount INT,No db found
StagingToEDW_DimPayRateChangeReason,spHR_StagingToEDW_DimPayRateChangeReason,DECLARE @Error INT,No db found
StagingToEDW_DimPayRateChangeReason,spHR_StagingToEDW_DimPayRateChangeReason,DECLARE @SourceCount INT,No db found
StagingToEDW_DimPayRateChangeReason,spHR_StagingToEDW_DimPayRateChangeReason,DECLARE @InsertCount INT,No db found
StagingToEDW_DimPayRateChangeReason,spHR_StagingToEDW_DimPayRateChangeReason,DECLARE @UpdateCount INT,No db found
StagingToEDW_DimPayRateChangeReason,spHR_StagingToEDW_DimPayRateChangeReason,DECLARE @DeleteCount INT,No db found
StagingToEDW_DimPayRateChangeReason,spHR_StagingToEDW_DimPayRateChangeReason,DECLARE @tblMergeActions TABLE,No db found
StagingToEDW_DimPayRateChangeReason,spHR_StagingToEDW_DimPayRateChangeReason,FROM Source,No db found
StagingToEDW_DimPayRateChangeReason,spHR_StagingToEDW_DimPayRateChangeReason,FROM source ,No db found
StagingToEDW_DimPayRateChangeReason,spHR_StagingToEDW_DimPayRateChangeReason,FROM Source.,Source
StagingToEDW_DimPayRateChangeReason,spHR_StagingToEDW_DimPayRateChangeReason,FROM [BING_EDW].[dbo].[DimPayRateChangeReason],[BING_EDW]
StagingToEDW_DimPayRateChangeReason,spHR_StagingToEDW_DimPayRateChangeReason,INSERT INTO [BING_EDW].[dbo].[DimPayRateChangeReason] ,[BING_EDW]
StagingToEDW_DimPayRateChangeReason,spHR_StagingToEDW_DimPayRateChangeReason,UPDATE SET,No db found
StagingToEDW_DimPayRateChangeReason,spHR_StagingToEDW_DimPayRateChangeReason,"FROM
             ",No db found
StagingToEDW_DimPayRateChangeReason,spHR_StagingToEDW_DimPayRateChangeReason,FROM @tblMergeActions,No db found
StagingToEDW_DimPayRateChangeReason,spHR_StagingToEDW_DimPayRateChangeReason,FROM into Target.,Target
StagingToEDW_DimPayRateChangeReason,spHR_StagingToEDW_DimPayRateChangeReason,DECLARE @ErrMsg NVARCHAR,No db found
StagingToEDW_DimPayrollType,spMISC_StagingToEDW_DimPayrollType,FROM sys.objects,sys
StagingToEDW_DimPayrollType,spMISC_StagingToEDW_DimPayrollType,Update ETL process for,No db found
StagingToEDW_DimPayrollType,spMISC_StagingToEDW_DimPayrollType,from Staging to BING_EDW.,BING_EDW
StagingToEDW_DimPayrollType,spMISC_StagingToEDW_DimPayrollType,from Source by calling,No db found
StagingToEDW_DimPayrollType,spMISC_StagingToEDW_DimPayrollType,Update counts to caller,No db found
StagingToEDW_DimPayrollType,spMISC_StagingToEDW_DimPayrollType,from source,No db found
StagingToEDW_DimPayrollType,spMISC_StagingToEDW_DimPayrollType,DECLARE @ProcName NVARCHAR,No db found
StagingToEDW_DimPayrollType,spMISC_StagingToEDW_DimPayrollType,DECLARE @DebugMsg NVARCHAR,No db found
StagingToEDW_DimPayrollType,spMISC_StagingToEDW_DimPayrollType,DECLARE @SourceName VARCHAR,No db found
StagingToEDW_DimPayrollType,spMISC_StagingToEDW_DimPayrollType,DECLARE @AuditId BIGINT,No db found
StagingToEDW_DimPayrollType,spMISC_StagingToEDW_DimPayrollType,DECLARE @RowCount INT,No db found
StagingToEDW_DimPayrollType,spMISC_StagingToEDW_DimPayrollType,DECLARE @Error INT,No db found
StagingToEDW_DimPayrollType,spMISC_StagingToEDW_DimPayrollType,DECLARE @SourceCount INT,No db found
StagingToEDW_DimPayrollType,spMISC_StagingToEDW_DimPayrollType,DECLARE @InsertCount INT,No db found
StagingToEDW_DimPayrollType,spMISC_StagingToEDW_DimPayrollType,DECLARE @UpdateCount INT,No db found
StagingToEDW_DimPayrollType,spMISC_StagingToEDW_DimPayrollType,DECLARE @DeleteCount INT,No db found
StagingToEDW_DimPayrollType,spMISC_StagingToEDW_DimPayrollType,DECLARE @tblMergeActions TABLE,No db found
StagingToEDW_DimPayrollType,spMISC_StagingToEDW_DimPayrollType,FROM Source,No db found
StagingToEDW_DimPayrollType,spMISC_StagingToEDW_DimPayrollType,FROM source ,No db found
StagingToEDW_DimPayrollType,spMISC_StagingToEDW_DimPayrollType,FROM Source.,Source
StagingToEDW_DimPayrollType,spMISC_StagingToEDW_DimPayrollType,FROM [BING_EDW].[dbo].[DimPayrollType],[BING_EDW]
StagingToEDW_DimPayrollType,spMISC_StagingToEDW_DimPayrollType,INSERT INTO [BING_EDW].[dbo].[DimPayrollType] ,[BING_EDW]
StagingToEDW_DimPayrollType,spMISC_StagingToEDW_DimPayrollType,UPDATE SET,No db found
StagingToEDW_DimPayrollType,spMISC_StagingToEDW_DimPayrollType,"FROM
             ",No db found
StagingToEDW_DimPayrollType,spMISC_StagingToEDW_DimPayrollType,FROM @tblMergeActions,No db found
StagingToEDW_DimPayrollType,spMISC_StagingToEDW_DimPayrollType,FROM into Target.,Target
StagingToEDW_DimPayrollType,spMISC_StagingToEDW_DimPayrollType,DECLARE @ErrMsg NVARCHAR,No db found
StagingToEDW_DimPerformanceRating,spHR_StagingToEDW_DimPerformanceRating,FROM sys.objects,sys
StagingToEDW_DimPerformanceRating,spHR_StagingToEDW_DimPerformanceRating,Update ETL process for,No db found
StagingToEDW_DimPerformanceRating,spHR_StagingToEDW_DimPerformanceRating,from Staging to BING_EDW.,BING_EDW
StagingToEDW_DimPerformanceRating,spHR_StagingToEDW_DimPerformanceRating,from Source by calling,No db found
StagingToEDW_DimPerformanceRating,spHR_StagingToEDW_DimPerformanceRating,Update counts to caller,No db found
StagingToEDW_DimPerformanceRating,spHR_StagingToEDW_DimPerformanceRating,from source,No db found
StagingToEDW_DimPerformanceRating,spHR_StagingToEDW_DimPerformanceRating,DECLARE @ProcName NVARCHAR,No db found
StagingToEDW_DimPerformanceRating,spHR_StagingToEDW_DimPerformanceRating,DECLARE @DebugMsg NVARCHAR,No db found
StagingToEDW_DimPerformanceRating,spHR_StagingToEDW_DimPerformanceRating,DECLARE @SourceName VARCHAR,No db found
StagingToEDW_DimPerformanceRating,spHR_StagingToEDW_DimPerformanceRating,DECLARE @AuditId BIGINT,No db found
StagingToEDW_DimPerformanceRating,spHR_StagingToEDW_DimPerformanceRating,DECLARE @RowCount INT,No db found
StagingToEDW_DimPerformanceRating,spHR_StagingToEDW_DimPerformanceRating,DECLARE @Error INT,No db found
StagingToEDW_DimPerformanceRating,spHR_StagingToEDW_DimPerformanceRating,DECLARE @SourceCount INT,No db found
StagingToEDW_DimPerformanceRating,spHR_StagingToEDW_DimPerformanceRating,DECLARE @InsertCount INT,No db found
StagingToEDW_DimPerformanceRating,spHR_StagingToEDW_DimPerformanceRating,DECLARE @UpdateCount INT,No db found
StagingToEDW_DimPerformanceRating,spHR_StagingToEDW_DimPerformanceRating,DECLARE @DeleteCount INT,No db found
StagingToEDW_DimPerformanceRating,spHR_StagingToEDW_DimPerformanceRating,DECLARE @SeedRowCount INT,No db found
StagingToEDW_DimPerformanceRating,spHR_StagingToEDW_DimPerformanceRating,DECLARE @tblMergeActions TABLE,No db found
StagingToEDW_DimPerformanceRating,spHR_StagingToEDW_DimPerformanceRating,FROM Source,No db found
StagingToEDW_DimPerformanceRating,spHR_StagingToEDW_DimPerformanceRating,FROM source ,No db found
StagingToEDW_DimPerformanceRating,spHR_StagingToEDW_DimPerformanceRating,FROM Source.,Source
StagingToEDW_DimPerformanceRating,spHR_StagingToEDW_DimPerformanceRating,FROM [BING_EDW].[dbo].[DimPerformanceRating],[BING_EDW]
StagingToEDW_DimPerformanceRating,spHR_StagingToEDW_DimPerformanceRating,INSERT INTO [BING_EDW].[dbo].[DimPerformanceRating] ,[BING_EDW]
StagingToEDW_DimPerformanceRating,spHR_StagingToEDW_DimPerformanceRating,UPDATE SET,No db found
StagingToEDW_DimPerformanceRating,spHR_StagingToEDW_DimPerformanceRating,"FROM
             ",No db found
StagingToEDW_DimPerformanceRating,spHR_StagingToEDW_DimPerformanceRating,FROM @tblMergeActions,No db found
StagingToEDW_DimPerformanceRating,spHR_StagingToEDW_DimPerformanceRating,FROM into Target.,Target
StagingToEDW_DimPerformanceRating,spHR_StagingToEDW_DimPerformanceRating,DECLARE @ErrMsg NVARCHAR,No db found
StagingToEDW_DimPerson,spHR_StagingToEDW_DimPerson,from Staging to BING_EDW.,BING_EDW
StagingToEDW_DimPerson,spHR_StagingToEDW_DimPerson,from source,No db found
StagingToEDW_DimPerson,spHR_StagingToEDW_DimPerson,DECLARE @ProcName NVARCHAR,No db found
StagingToEDW_DimPerson,spHR_StagingToEDW_DimPerson,DECLARE @DebugMsg NVARCHAR,No db found
StagingToEDW_DimPerson,spHR_StagingToEDW_DimPerson,DECLARE @SourceName VARCHAR,No db found
StagingToEDW_DimPerson,spHR_StagingToEDW_DimPerson,DECLARE @AuditId BIGINT,No db found
StagingToEDW_DimPerson,spHR_StagingToEDW_DimPerson,DECLARE @RowCount INT,No db found
StagingToEDW_DimPerson,spHR_StagingToEDW_DimPerson,DECLARE @Error INT,No db found
StagingToEDW_DimPerson,spHR_StagingToEDW_DimPerson,DECLARE @SourceCount INT,No db found
StagingToEDW_DimPerson,spHR_StagingToEDW_DimPerson,DECLARE @InsertCount INT,No db found
StagingToEDW_DimPerson,spHR_StagingToEDW_DimPerson,DECLARE @UpdateCount INT,No db found
StagingToEDW_DimPerson,spHR_StagingToEDW_DimPerson,DECLARE @DeleteCount INT,No db found
StagingToEDW_DimPerson,spHR_StagingToEDW_DimPerson,from Source,No db found
StagingToEDW_DimPerson,spHR_StagingToEDW_DimPerson,from theb usual pattern of using,No db found
StagingToEDW_DimPerson,spHR_StagingToEDW_DimPerson,FROM dbo.vPeople,dbo
StagingToEDW_DimPerson,spHR_StagingToEDW_DimPerson,FROM [BING_EDW].[dbo].[DimPerson],[BING_EDW]
StagingToEDW_DimPerson,spHR_StagingToEDW_DimPerson,from Target.,Target
StagingToEDW_DimPerson,spHR_StagingToEDW_DimPerson,INSERT INTO [BING_EDW].[dbo].[DimPerson],[BING_EDW]
StagingToEDW_DimPerson,spHR_StagingToEDW_DimPerson,from source ,No db found
StagingToEDW_DimPerson,spHR_StagingToEDW_DimPerson,from Source.,Source
StagingToEDW_DimPerson,spHR_StagingToEDW_DimPerson,DECLARE @ErrMsg NVARCHAR,No db found
StagingToEDW_DimPosition,spHR_StagingToEDW_DimPosition,from Staging to BING_EDW.,BING_EDW
StagingToEDW_DimPosition,spHR_StagingToEDW_DimPosition,from source,No db found
StagingToEDW_DimPosition,spHR_StagingToEDW_DimPosition,DECLARE @ProcName NVARCHAR,No db found
StagingToEDW_DimPosition,spHR_StagingToEDW_DimPosition,DECLARE @DebugMsg NVARCHAR,No db found
StagingToEDW_DimPosition,spHR_StagingToEDW_DimPosition,DECLARE @SourceName VARCHAR,No db found
StagingToEDW_DimPosition,spHR_StagingToEDW_DimPosition,DECLARE @AuditId BIGINT,No db found
StagingToEDW_DimPosition,spHR_StagingToEDW_DimPosition,DECLARE @RowCount INT,No db found
StagingToEDW_DimPosition,spHR_StagingToEDW_DimPosition,DECLARE @Error INT,No db found
StagingToEDW_DimPosition,spHR_StagingToEDW_DimPosition,DECLARE @SourceCount INT,No db found
StagingToEDW_DimPosition,spHR_StagingToEDW_DimPosition,DECLARE @InsertCount INT,No db found
StagingToEDW_DimPosition,spHR_StagingToEDW_DimPosition,DECLARE @UpdateCount INT,No db found
StagingToEDW_DimPosition,spHR_StagingToEDW_DimPosition,DECLARE @DeleteCount INT,No db found
StagingToEDW_DimPosition,spHR_StagingToEDW_DimPosition,from Source,No db found
StagingToEDW_DimPosition,spHR_StagingToEDW_DimPosition,from theb usual pattern of using,No db found
StagingToEDW_DimPosition,spHR_StagingToEDW_DimPosition,FROM dbo.vPositions,dbo
StagingToEDW_DimPosition,spHR_StagingToEDW_DimPosition,FROM [BING_EDW].[dbo].[DimPosition],[BING_EDW]
StagingToEDW_DimPosition,spHR_StagingToEDW_DimPosition,from Target.,Target
StagingToEDW_DimPosition,spHR_StagingToEDW_DimPosition,INSERT INTO [BING_EDW].[dbo].[DimPosition],[BING_EDW]
StagingToEDW_DimPosition,spHR_StagingToEDW_DimPosition,from source ,No db found
StagingToEDW_DimPosition,spHR_StagingToEDW_DimPosition,from Source.,Source
StagingToEDW_DimPosition,spHR_StagingToEDW_DimPosition,DECLARE @ErrMsg NVARCHAR,No db found
StagingToEDW_DimProgram,spCMS_StagingToEDW_DimProgram,FROM sys.objects,sys
StagingToEDW_DimProgram,spCMS_StagingToEDW_DimProgram,from Staging to BING_EDW.,BING_EDW
StagingToEDW_DimProgram,spCMS_StagingToEDW_DimProgram,from Source by calling,No db found
StagingToEDW_DimProgram,spCMS_StagingToEDW_DimProgram,from source,No db found
StagingToEDW_DimProgram,spCMS_StagingToEDW_DimProgram,DECLARE @ProcName NVARCHAR,No db found
StagingToEDW_DimProgram,spCMS_StagingToEDW_DimProgram,DECLARE @DebugMsg NVARCHAR,No db found
StagingToEDW_DimProgram,spCMS_StagingToEDW_DimProgram,DECLARE @SourceName VARCHAR,No db found
StagingToEDW_DimProgram,spCMS_StagingToEDW_DimProgram,DECLARE @AuditId BIGINT,No db found
StagingToEDW_DimProgram,spCMS_StagingToEDW_DimProgram,DECLARE @RowCount INT,No db found
StagingToEDW_DimProgram,spCMS_StagingToEDW_DimProgram,DECLARE @Error INT,No db found
StagingToEDW_DimProgram,spCMS_StagingToEDW_DimProgram,DECLARE @SourceCount INT,No db found
StagingToEDW_DimProgram,spCMS_StagingToEDW_DimProgram,DECLARE @InsertCount INT,No db found
StagingToEDW_DimProgram,spCMS_StagingToEDW_DimProgram,DECLARE @UpdateCount INT,No db found
StagingToEDW_DimProgram,spCMS_StagingToEDW_DimProgram,DECLARE @DeleteCount INT,No db found
StagingToEDW_DimProgram,spCMS_StagingToEDW_DimProgram,DECLARE @tblMergeActions TABLE,No db found
StagingToEDW_DimProgram,spCMS_StagingToEDW_DimProgram,DECLARE @tblDeleteActions TABLE,No db found
StagingToEDW_DimProgram,spCMS_StagingToEDW_DimProgram,from Source,No db found
StagingToEDW_DimProgram,spCMS_StagingToEDW_DimProgram,from source ,No db found
StagingToEDW_DimProgram,spCMS_StagingToEDW_DimProgram,from Source.,Source
StagingToEDW_DimProgram,spCMS_StagingToEDW_DimProgram,UPDATE SET,No db found
StagingToEDW_DimProgram,spCMS_StagingToEDW_DimProgram,"FROM
             ",No db found
StagingToEDW_DimProgram,spCMS_StagingToEDW_DimProgram,FROM @tblMergeActions,No db found
StagingToEDW_DimProgram,spCMS_StagingToEDW_DimProgram,FROM @tblDeleteActions,No db found
StagingToEDW_DimProgram,spCMS_StagingToEDW_DimProgram,update in ,No db found
StagingToEDW_DimProgram,spCMS_StagingToEDW_DimProgram,from into Target.,Target
StagingToEDW_DimProgram,spCMS_StagingToEDW_DimProgram,DECLARE @ErrMsg NVARCHAR,No db found
StagingToEDW_DimQualificationType,spHR_StagingToEDW_DimQualificationType,FROM sys.objects,sys
StagingToEDW_DimQualificationType,spHR_StagingToEDW_DimQualificationType,Update ETL process for,No db found
StagingToEDW_DimQualificationType,spHR_StagingToEDW_DimQualificationType,from Staging to BING_EDW.,BING_EDW
StagingToEDW_DimQualificationType,spHR_StagingToEDW_DimQualificationType,from Source by calling,No db found
StagingToEDW_DimQualificationType,spHR_StagingToEDW_DimQualificationType,Update counts to caller,No db found
StagingToEDW_DimQualificationType,spHR_StagingToEDW_DimQualificationType,from source,No db found
StagingToEDW_DimQualificationType,spHR_StagingToEDW_DimQualificationType,DECLARE @ProcName NVARCHAR,No db found
StagingToEDW_DimQualificationType,spHR_StagingToEDW_DimQualificationType,DECLARE @DebugMsg NVARCHAR,No db found
StagingToEDW_DimQualificationType,spHR_StagingToEDW_DimQualificationType,DECLARE @SourceName VARCHAR,No db found
StagingToEDW_DimQualificationType,spHR_StagingToEDW_DimQualificationType,DECLARE @AuditId BIGINT,No db found
StagingToEDW_DimQualificationType,spHR_StagingToEDW_DimQualificationType,DECLARE @RowCount INT,No db found
StagingToEDW_DimQualificationType,spHR_StagingToEDW_DimQualificationType,DECLARE @Error INT,No db found
StagingToEDW_DimQualificationType,spHR_StagingToEDW_DimQualificationType,DECLARE @SourceCount INT,No db found
StagingToEDW_DimQualificationType,spHR_StagingToEDW_DimQualificationType,DECLARE @InsertCount INT,No db found
StagingToEDW_DimQualificationType,spHR_StagingToEDW_DimQualificationType,DECLARE @UpdateCount INT,No db found
StagingToEDW_DimQualificationType,spHR_StagingToEDW_DimQualificationType,DECLARE @DeleteCount INT,No db found
StagingToEDW_DimQualificationType,spHR_StagingToEDW_DimQualificationType,DECLARE @SeedRowCount INT,No db found
StagingToEDW_DimQualificationType,spHR_StagingToEDW_DimQualificationType,DECLARE @tblMergeActions TABLE,No db found
StagingToEDW_DimQualificationType,spHR_StagingToEDW_DimQualificationType,FROM Source,No db found
StagingToEDW_DimQualificationType,spHR_StagingToEDW_DimQualificationType,FROM source ,No db found
StagingToEDW_DimQualificationType,spHR_StagingToEDW_DimQualificationType,FROM Source.,Source
StagingToEDW_DimQualificationType,spHR_StagingToEDW_DimQualificationType,FROM [BING_EDW].[dbo].[DimQualificationType],[BING_EDW]
StagingToEDW_DimQualificationType,spHR_StagingToEDW_DimQualificationType,INSERT Into BING_EDW.[dbo].[DimQualificationType] ,BING_EDW
StagingToEDW_DimQualificationType,spHR_StagingToEDW_DimQualificationType,UPDATE SET,No db found
StagingToEDW_DimQualificationType,spHR_StagingToEDW_DimQualificationType,"FROM
             ",No db found
StagingToEDW_DimQualificationType,spHR_StagingToEDW_DimQualificationType,FROM @tblMergeActions,No db found
StagingToEDW_DimQualificationType,spHR_StagingToEDW_DimQualificationType,FROM into Target.,Target
StagingToEDW_DimQualificationType,spHR_StagingToEDW_DimQualificationType,DECLARE @ErrMsg NVARCHAR,No db found
StagingToEDW_DimReportProfile,spMISC_StagingToEDW_DimReportProfile,from Staging to BING_EDW.,BING_EDW
StagingToEDW_DimReportProfile,spMISC_StagingToEDW_DimReportProfile,from source,No db found
StagingToEDW_DimReportProfile,spMISC_StagingToEDW_DimReportProfile,DECLARE @ProcName NVARCHAR,No db found
StagingToEDW_DimReportProfile,spMISC_StagingToEDW_DimReportProfile,DECLARE @DebugMsg NVARCHAR,No db found
StagingToEDW_DimReportProfile,spMISC_StagingToEDW_DimReportProfile,DECLARE @SourceName VARCHAR,No db found
StagingToEDW_DimReportProfile,spMISC_StagingToEDW_DimReportProfile,DECLARE @AuditId BIGINT,No db found
StagingToEDW_DimReportProfile,spMISC_StagingToEDW_DimReportProfile,DECLARE @RowCount INT,No db found
StagingToEDW_DimReportProfile,spMISC_StagingToEDW_DimReportProfile,DECLARE @Error INT,No db found
StagingToEDW_DimReportProfile,spMISC_StagingToEDW_DimReportProfile,DECLARE @SourceCount INT,No db found
StagingToEDW_DimReportProfile,spMISC_StagingToEDW_DimReportProfile,DECLARE @InsertCount INT,No db found
StagingToEDW_DimReportProfile,spMISC_StagingToEDW_DimReportProfile,DECLARE @UpdateCount INT,No db found
StagingToEDW_DimReportProfile,spMISC_StagingToEDW_DimReportProfile,DECLARE @DeleteCount INT,No db found
StagingToEDW_DimReportProfile,spMISC_StagingToEDW_DimReportProfile,from Source,No db found
StagingToEDW_DimReportProfile,spMISC_StagingToEDW_DimReportProfile,from theb usual pattern of using,No db found
StagingToEDW_DimReportProfile,spMISC_StagingToEDW_DimReportProfile,FROM [dbo].[ReportProfile],[dbo]
StagingToEDW_DimReportProfile,spMISC_StagingToEDW_DimReportProfile,FROM [BING_EDW].[dbo].[DimReportProfile],[BING_EDW]
StagingToEDW_DimReportProfile,spMISC_StagingToEDW_DimReportProfile,from Target.,Target
StagingToEDW_DimReportProfile,spMISC_StagingToEDW_DimReportProfile,INSERT INTO [BING_EDW].[dbo].[DimReportProfile],[BING_EDW]
StagingToEDW_DimReportProfile,spMISC_StagingToEDW_DimReportProfile,Declare @defaultvarbinary varbinary,No db found
StagingToEDW_DimReportProfile,spMISC_StagingToEDW_DimReportProfile,FROM dbo.ReportProfile,dbo
StagingToEDW_DimReportProfile,spMISC_StagingToEDW_DimReportProfile,from source ,No db found
StagingToEDW_DimReportProfile,spMISC_StagingToEDW_DimReportProfile,from Source.,Source
StagingToEDW_DimReportProfile,spMISC_StagingToEDW_DimReportProfile,DECLARE @ErrMsg NVARCHAR,No db found
StagingToEDW_DimRetentionBaseWeek,spEndAuditLog,update  audit table after the DML operation on the table,No db found
StagingToEDW_DimRetentionBaseWeek,spEndAuditLog,FROM AuditLog,No db found
StagingToEDW_DimRetentionBaseWeek,spEndAuditLog,UPDATE	AuditLog,No db found
StagingToEDW_DimRetentionBaseWeek,spBeginAuditLog,update  audit table  before the DML operation on the table ,No db found
StagingToEDW_DimRetentionBaseWeek,spBeginAuditLog,INSERT INTO AuditLog,No db found
StagingToEDW_DimScheduleType,spCMS_StagingToEDW_DimScheduleType,Update ETL process for,No db found
StagingToEDW_DimScheduleType,spCMS_StagingToEDW_DimScheduleType,from Staging to BING_EDW.,BING_EDW
StagingToEDW_DimScheduleType,spCMS_StagingToEDW_DimScheduleType,from Source by calling,No db found
StagingToEDW_DimScheduleType,spCMS_StagingToEDW_DimScheduleType,Update  required for this EDW,No db found
StagingToEDW_DimScheduleType,spCMS_StagingToEDW_DimScheduleType,from source,No db found
StagingToEDW_DimScheduleType,spCMS_StagingToEDW_DimScheduleType,DECLARE @ProcName NVARCHAR,No db found
StagingToEDW_DimScheduleType,spCMS_StagingToEDW_DimScheduleType,DECLARE @DebugMsg NVARCHAR,No db found
StagingToEDW_DimScheduleType,spCMS_StagingToEDW_DimScheduleType,DECLARE @SourceName VARCHAR,No db found
StagingToEDW_DimScheduleType,spCMS_StagingToEDW_DimScheduleType,DECLARE @AuditId BIGINT,No db found
StagingToEDW_DimScheduleType,spCMS_StagingToEDW_DimScheduleType,DECLARE @RowCount INT,No db found
StagingToEDW_DimScheduleType,spCMS_StagingToEDW_DimScheduleType,DECLARE @Error INT,No db found
StagingToEDW_DimScheduleType,spCMS_StagingToEDW_DimScheduleType,DECLARE @SourceCount INT,No db found
StagingToEDW_DimScheduleType,spCMS_StagingToEDW_DimScheduleType,DECLARE @InsertCount INT,No db found
StagingToEDW_DimScheduleType,spCMS_StagingToEDW_DimScheduleType,DECLARE @UpdateCount INT,No db found
StagingToEDW_DimScheduleType,spCMS_StagingToEDW_DimScheduleType,DECLARE @DeleteCount INT,No db found
StagingToEDW_DimScheduleType,spCMS_StagingToEDW_DimScheduleType,DECLARE @tblMergeActions TABLE,No db found
StagingToEDW_DimScheduleType,spCMS_StagingToEDW_DimScheduleType,DECLARE @tblDeleteActions TABLE,No db found
StagingToEDW_DimScheduleType,spCMS_StagingToEDW_DimScheduleType,from Source,No db found
StagingToEDW_DimScheduleType,spCMS_StagingToEDW_DimScheduleType,from source ,No db found
StagingToEDW_DimScheduleType,spCMS_StagingToEDW_DimScheduleType,from Source.,Source
StagingToEDW_DimScheduleType,spCMS_StagingToEDW_DimScheduleType,update process for changed existing records,No db found
StagingToEDW_DimScheduleType,spCMS_StagingToEDW_DimScheduleType,"from 
		   ",No db found
StagingToEDW_DimScheduleType,spCMS_StagingToEDW_DimScheduleType,insert into the target table,No db found
StagingToEDW_DimScheduleType,spCMS_StagingToEDW_DimScheduleType,UPDATE SET,No db found
StagingToEDW_DimScheduleType,spCMS_StagingToEDW_DimScheduleType,"FROM
             ",No db found
StagingToEDW_DimScheduleType,spCMS_StagingToEDW_DimScheduleType,FROM @tblMergeActions,No db found
StagingToEDW_DimScheduleType,spCMS_StagingToEDW_DimScheduleType,FROM @tblDeleteActions,No db found
StagingToEDW_DimScheduleType,spCMS_StagingToEDW_DimScheduleType,update in ,No db found
StagingToEDW_DimScheduleType,spCMS_StagingToEDW_DimScheduleType,from into Target.,Target
StagingToEDW_DimScheduleType,spCMS_StagingToEDW_DimScheduleType,DECLARE @ErrMsg NVARCHAR,No db found
StagingToEDW_DimScheduleWeek,spEndAuditLog,update  audit table after the DML operation on the table,No db found
StagingToEDW_DimScheduleWeek,spEndAuditLog,FROM AuditLog,No db found
StagingToEDW_DimScheduleWeek,spEndAuditLog,UPDATE	AuditLog,No db found
StagingToEDW_DimScheduleWeek,spBeginAuditLog,update  audit table  before the DML operation on the table ,No db found
StagingToEDW_DimScheduleWeek,spBeginAuditLog,INSERT INTO AuditLog,No db found
StagingToEDW_DimSession,spCMS_StagingToEDW_DimSession,from Staging to BING_EDW.,BING_EDW
StagingToEDW_DimSession,spCMS_StagingToEDW_DimSession,from Source by calling,No db found
StagingToEDW_DimSession,spCMS_StagingToEDW_DimSession,from step 3,No db found
StagingToEDW_DimSession,spCMS_StagingToEDW_DimSession,from source,No db found
StagingToEDW_DimSession,spCMS_StagingToEDW_DimSession,from SSIS building temp tables in EDW to using stored,No db found
StagingToEDW_DimSession,spCMS_StagingToEDW_DimSession,DECLARE @ProcName NVARCHAR,No db found
StagingToEDW_DimSession,spCMS_StagingToEDW_DimSession,DECLARE @DebugMsg NVARCHAR,No db found
StagingToEDW_DimSession,spCMS_StagingToEDW_DimSession,DECLARE @SourceName VARCHAR,No db found
StagingToEDW_DimSession,spCMS_StagingToEDW_DimSession,DECLARE @AuditId BIGINT,No db found
StagingToEDW_DimSession,spCMS_StagingToEDW_DimSession,DECLARE @RowCount INT,No db found
StagingToEDW_DimSession,spCMS_StagingToEDW_DimSession,DECLARE @Error INT,No db found
StagingToEDW_DimSession,spCMS_StagingToEDW_DimSession,DECLARE @SourceCount INT,No db found
StagingToEDW_DimSession,spCMS_StagingToEDW_DimSession,DECLARE @InsertCount INT,No db found
StagingToEDW_DimSession,spCMS_StagingToEDW_DimSession,DECLARE @UpdateCount INT,No db found
StagingToEDW_DimSession,spCMS_StagingToEDW_DimSession,DECLARE @DeleteCount INT,No db found
StagingToEDW_DimSession,spCMS_StagingToEDW_DimSession,DECLARE @tblMrgeActions_SCD2 TABLE,No db found
StagingToEDW_DimSession,spCMS_StagingToEDW_DimSession,from Source,No db found
StagingToEDW_DimSession,spCMS_StagingToEDW_DimSession,from source ,No db found
StagingToEDW_DimSession,spCMS_StagingToEDW_DimSession,from Source.,Source
StagingToEDW_DimSession,spCMS_StagingToEDW_DimSession,update process for changed existing records,No db found
StagingToEDW_DimSession,spCMS_StagingToEDW_DimSession,"from 
		   ",No db found
StagingToEDW_DimSession,spCMS_StagingToEDW_DimSession,insert into the target table,No db found
StagingToEDW_DimSession,spCMS_StagingToEDW_DimSession,UPDATE SET,No db found
StagingToEDW_DimSession,spCMS_StagingToEDW_DimSession,from NULL ,No db found
StagingToEDW_DimSession,spCMS_StagingToEDW_DimSession,"FROM
             ",No db found
StagingToEDW_DimSession,spCMS_StagingToEDW_DimSession,FROM @tblMrgeActions_SCD2,No db found
StagingToEDW_DimSession,spCMS_StagingToEDW_DimSession,INSERT INTO BING_EDW.dbo.DimSession,BING_EDW
StagingToEDW_DimSession,spCMS_StagingToEDW_DimSession,JOIN ,No db found
StagingToEDW_DimSession,spCMS_StagingToEDW_DimSession,from into Target.,Target
StagingToEDW_DimSession,spCMS_StagingToEDW_DimSession,DECLARE @ErrMsg NVARCHAR,No db found
StagingToEDW_DimSpecialInfo,spHR_StagingToEDW_DimSpecialInfo,FROM sys.objects,sys
StagingToEDW_DimSpecialInfo,spHR_StagingToEDW_DimSpecialInfo,Update ETL process for,No db found
StagingToEDW_DimSpecialInfo,spHR_StagingToEDW_DimSpecialInfo,from Staging to BING_EDW.,BING_EDW
StagingToEDW_DimSpecialInfo,spHR_StagingToEDW_DimSpecialInfo,from Source by calling,No db found
StagingToEDW_DimSpecialInfo,spHR_StagingToEDW_DimSpecialInfo,Update counts to caller,No db found
StagingToEDW_DimSpecialInfo,spHR_StagingToEDW_DimSpecialInfo,from source,No db found
StagingToEDW_DimSpecialInfo,spHR_StagingToEDW_DimSpecialInfo,DECLARE @ProcName NVARCHAR,No db found
StagingToEDW_DimSpecialInfo,spHR_StagingToEDW_DimSpecialInfo,DECLARE @DebugMsg NVARCHAR,No db found
StagingToEDW_DimSpecialInfo,spHR_StagingToEDW_DimSpecialInfo,DECLARE @SourceName VARCHAR,No db found
StagingToEDW_DimSpecialInfo,spHR_StagingToEDW_DimSpecialInfo,DECLARE @AuditId BIGINT,No db found
StagingToEDW_DimSpecialInfo,spHR_StagingToEDW_DimSpecialInfo,DECLARE @RowCount INT,No db found
StagingToEDW_DimSpecialInfo,spHR_StagingToEDW_DimSpecialInfo,DECLARE @Error INT,No db found
StagingToEDW_DimSpecialInfo,spHR_StagingToEDW_DimSpecialInfo,DECLARE @SourceCount INT,No db found
StagingToEDW_DimSpecialInfo,spHR_StagingToEDW_DimSpecialInfo,DECLARE @InsertCount INT,No db found
StagingToEDW_DimSpecialInfo,spHR_StagingToEDW_DimSpecialInfo,DECLARE @UpdateCount INT,No db found
StagingToEDW_DimSpecialInfo,spHR_StagingToEDW_DimSpecialInfo,DECLARE @DeleteCount INT,No db found
StagingToEDW_DimSpecialInfo,spHR_StagingToEDW_DimSpecialInfo,DECLARE @tblMergeActions TABLE,No db found
StagingToEDW_DimSpecialInfo,spHR_StagingToEDW_DimSpecialInfo,FROM Source,No db found
StagingToEDW_DimSpecialInfo,spHR_StagingToEDW_DimSpecialInfo,FROM source ,No db found
StagingToEDW_DimSpecialInfo,spHR_StagingToEDW_DimSpecialInfo,FROM Source.,Source
StagingToEDW_DimSpecialInfo,spHR_StagingToEDW_DimSpecialInfo,UPDATE SET,No db found
StagingToEDW_DimSpecialInfo,spHR_StagingToEDW_DimSpecialInfo,"FROM
             ",No db found
StagingToEDW_DimSpecialInfo,spHR_StagingToEDW_DimSpecialInfo,FROM @tblMergeActions,No db found
StagingToEDW_DimSpecialInfo,spHR_StagingToEDW_DimSpecialInfo,FROM into Target.,Target
StagingToEDW_DimSpecialInfo,spHR_StagingToEDW_DimSpecialInfo,DECLARE @ErrMsg NVARCHAR,No db found
StagingToEDW_DimSponsor,spCMS_StagingToEDW_DimSponsor,from Staging to BING_EDW.,BING_EDW
StagingToEDW_DimSponsor,spCMS_StagingToEDW_DimSponsor,from Source by calling,No db found
StagingToEDW_DimSponsor,spCMS_StagingToEDW_DimSponsor,from step 3,No db found
StagingToEDW_DimSponsor,spCMS_StagingToEDW_DimSponsor,from source,No db found
StagingToEDW_DimSponsor,spCMS_StagingToEDW_DimSponsor,from SSIS building temp tables in EDW to using stored,No db found
StagingToEDW_DimSponsor,spCMS_StagingToEDW_DimSponsor,DECLARE @ProcName NVARCHAR,No db found
StagingToEDW_DimSponsor,spCMS_StagingToEDW_DimSponsor,DECLARE @DebugMsg NVARCHAR,No db found
StagingToEDW_DimSponsor,spCMS_StagingToEDW_DimSponsor,DECLARE @SourceName VARCHAR,No db found
StagingToEDW_DimSponsor,spCMS_StagingToEDW_DimSponsor,DECLARE @AuditId BIGINT,No db found
StagingToEDW_DimSponsor,spCMS_StagingToEDW_DimSponsor,DECLARE @RowCount INT,No db found
StagingToEDW_DimSponsor,spCMS_StagingToEDW_DimSponsor,DECLARE @Error INT,No db found
StagingToEDW_DimSponsor,spCMS_StagingToEDW_DimSponsor,DECLARE @SourceCount INT,No db found
StagingToEDW_DimSponsor,spCMS_StagingToEDW_DimSponsor,DECLARE @InsertCount INT,No db found
StagingToEDW_DimSponsor,spCMS_StagingToEDW_DimSponsor,DECLARE @UpdateCount INT,No db found
StagingToEDW_DimSponsor,spCMS_StagingToEDW_DimSponsor,DECLARE @DeleteCount INT,No db found
StagingToEDW_DimSponsor,spCMS_StagingToEDW_DimSponsor,DECLARE @tblMrgeActions_SCD2 TABLE,No db found
StagingToEDW_DimSponsor,spCMS_StagingToEDW_DimSponsor,from Source,No db found
StagingToEDW_DimSponsor,spCMS_StagingToEDW_DimSponsor,from source ,No db found
StagingToEDW_DimSponsor,spCMS_StagingToEDW_DimSponsor,from Source.,Source
StagingToEDW_DimSponsor,spCMS_StagingToEDW_DimSponsor,Update 1,No db found
StagingToEDW_DimSponsor,spCMS_StagingToEDW_DimSponsor,update process for changed existing records,No db found
StagingToEDW_DimSponsor,spCMS_StagingToEDW_DimSponsor,"from 
		   ",No db found
StagingToEDW_DimSponsor,spCMS_StagingToEDW_DimSponsor,insert into the target table,No db found
StagingToEDW_DimSponsor,spCMS_StagingToEDW_DimSponsor,UPDATE SET,No db found
StagingToEDW_DimSponsor,spCMS_StagingToEDW_DimSponsor,from NULL ,No db found
StagingToEDW_DimSponsor,spCMS_StagingToEDW_DimSponsor,"FROM
             ",No db found
StagingToEDW_DimSponsor,spCMS_StagingToEDW_DimSponsor,FROM @tblMrgeActions_SCD2,No db found
StagingToEDW_DimSponsor,spCMS_StagingToEDW_DimSponsor,INSERT INTO BING_EDW.dbo.DimSponsor,BING_EDW
StagingToEDW_DimSponsor,spCMS_StagingToEDW_DimSponsor,JOIN ,No db found
StagingToEDW_DimSponsor,spCMS_StagingToEDW_DimSponsor,from into Target.,Target
StagingToEDW_DimSponsor,spCMS_StagingToEDW_DimSponsor,DECLARE @ErrMsg NVARCHAR,No db found
StagingToEDW_DimStudent,spCMS_StagingToEDW_DimStudent,from Staging to BING_EDW.,BING_EDW
StagingToEDW_DimStudent,spCMS_StagingToEDW_DimStudent,from Source by calling,No db found
StagingToEDW_DimStudent,spCMS_StagingToEDW_DimStudent,from step 3,No db found
StagingToEDW_DimStudent,spCMS_StagingToEDW_DimStudent,from source,No db found
StagingToEDW_DimStudent,spCMS_StagingToEDW_DimStudent,from SSIS building temp tables in EDW to using stored,No db found
StagingToEDW_DimStudent,spCMS_StagingToEDW_DimStudent,DECLARE @ProcName NVARCHAR,No db found
StagingToEDW_DimStudent,spCMS_StagingToEDW_DimStudent,DECLARE @DebugMsg NVARCHAR,No db found
StagingToEDW_DimStudent,spCMS_StagingToEDW_DimStudent,DECLARE @SourceName VARCHAR,No db found
StagingToEDW_DimStudent,spCMS_StagingToEDW_DimStudent,DECLARE @AuditId BIGINT,No db found
StagingToEDW_DimStudent,spCMS_StagingToEDW_DimStudent,DECLARE @RowCount INT,No db found
StagingToEDW_DimStudent,spCMS_StagingToEDW_DimStudent,DECLARE @Error INT,No db found
StagingToEDW_DimStudent,spCMS_StagingToEDW_DimStudent,DECLARE @SourceCount INT,No db found
StagingToEDW_DimStudent,spCMS_StagingToEDW_DimStudent,DECLARE @InsertCount INT,No db found
StagingToEDW_DimStudent,spCMS_StagingToEDW_DimStudent,DECLARE @UpdateCount INT,No db found
StagingToEDW_DimStudent,spCMS_StagingToEDW_DimStudent,DECLARE @DeleteCount INT,No db found
StagingToEDW_DimStudent,spCMS_StagingToEDW_DimStudent,DECLARE @tblMrgeActions_SCD2 TABLE,No db found
StagingToEDW_DimStudent,spCMS_StagingToEDW_DimStudent,from Source,No db found
StagingToEDW_DimStudent,spCMS_StagingToEDW_DimStudent,from source ,No db found
StagingToEDW_DimStudent,spCMS_StagingToEDW_DimStudent,from Source.,Source
StagingToEDW_DimStudent,spCMS_StagingToEDW_DimStudent,update process for changed existing records,No db found
StagingToEDW_DimStudent,spCMS_StagingToEDW_DimStudent,"from 
		   ",No db found
StagingToEDW_DimStudent,spCMS_StagingToEDW_DimStudent,insert into the target table,No db found
StagingToEDW_DimStudent,spCMS_StagingToEDW_DimStudent,UPDATE SET,No db found
StagingToEDW_DimStudent,spCMS_StagingToEDW_DimStudent,from NULL ,No db found
StagingToEDW_DimStudent,spCMS_StagingToEDW_DimStudent,"FROM
             ",No db found
StagingToEDW_DimStudent,spCMS_StagingToEDW_DimStudent,FROM @tblMrgeActions_SCD2,No db found
StagingToEDW_DimStudent,spCMS_StagingToEDW_DimStudent,INSERT INTO BING_EDW.dbo.DimStudent,BING_EDW
StagingToEDW_DimStudent,spCMS_StagingToEDW_DimStudent,JOIN ,No db found
StagingToEDW_DimStudent,spCMS_StagingToEDW_DimStudent,from into Target.,Target
StagingToEDW_DimStudent,spCMS_StagingToEDW_DimStudent,DECLARE @ErrMsg NVARCHAR,No db found
StagingToEDW_DimTier,spCMS_StagingToEDW_DimTier,Update ETL process for,No db found
StagingToEDW_DimTier,spCMS_StagingToEDW_DimTier,from Staging to BING_EDW.,BING_EDW
StagingToEDW_DimTier,spCMS_StagingToEDW_DimTier,from Source by calling,No db found
StagingToEDW_DimTier,spCMS_StagingToEDW_DimTier,Update  required for this EDW,No db found
StagingToEDW_DimTier,spCMS_StagingToEDW_DimTier,from source,No db found
StagingToEDW_DimTier,spCMS_StagingToEDW_DimTier,DECLARE @ProcName NVARCHAR,No db found
StagingToEDW_DimTier,spCMS_StagingToEDW_DimTier,DECLARE @DebugMsg NVARCHAR,No db found
StagingToEDW_DimTier,spCMS_StagingToEDW_DimTier,DECLARE @SourceName VARCHAR,No db found
StagingToEDW_DimTier,spCMS_StagingToEDW_DimTier,DECLARE @AuditId BIGINT,No db found
StagingToEDW_DimTier,spCMS_StagingToEDW_DimTier,DECLARE @RowCount INT,No db found
StagingToEDW_DimTier,spCMS_StagingToEDW_DimTier,DECLARE @Error INT,No db found
StagingToEDW_DimTier,spCMS_StagingToEDW_DimTier,DECLARE @SourceCount INT,No db found
StagingToEDW_DimTier,spCMS_StagingToEDW_DimTier,DECLARE @InsertCount INT,No db found
StagingToEDW_DimTier,spCMS_StagingToEDW_DimTier,DECLARE @UpdateCount INT,No db found
StagingToEDW_DimTier,spCMS_StagingToEDW_DimTier,DECLARE @DeleteCount INT,No db found
StagingToEDW_DimTier,spCMS_StagingToEDW_DimTier,DECLARE @tblMergeActions TABLE,No db found
StagingToEDW_DimTier,spCMS_StagingToEDW_DimTier,DECLARE @tblDeleteActions TABLE,No db found
StagingToEDW_DimTier,spCMS_StagingToEDW_DimTier,from Source,No db found
StagingToEDW_DimTier,spCMS_StagingToEDW_DimTier,from source ,No db found
StagingToEDW_DimTier,spCMS_StagingToEDW_DimTier,from Source.,Source
StagingToEDW_DimTier,spCMS_StagingToEDW_DimTier,UPDATE SET,No db found
StagingToEDW_DimTier,spCMS_StagingToEDW_DimTier,"FROM
             ",No db found
StagingToEDW_DimTier,spCMS_StagingToEDW_DimTier,FROM @tblMergeActions,No db found
StagingToEDW_DimTier,spCMS_StagingToEDW_DimTier,FROM @tblDeleteActions,No db found
StagingToEDW_DimTier,spCMS_StagingToEDW_DimTier,update in ,No db found
StagingToEDW_DimTier,spCMS_StagingToEDW_DimTier,from into Target.,Target
StagingToEDW_DimTier,spCMS_StagingToEDW_DimTier,DECLARE @ErrMsg NVARCHAR,No db found
StagingToEDW_DimTimeCalculation,spEndAuditLog,update  audit table after the DML operation on the table,No db found
StagingToEDW_DimTimeCalculation,spEndAuditLog,FROM AuditLog,No db found
StagingToEDW_DimTimeCalculation,spEndAuditLog,UPDATE	AuditLog,No db found
StagingToEDW_DimTimeCalculation,spBeginAuditLog,update  audit table  before the DML operation on the table ,No db found
StagingToEDW_DimTimeCalculation,spBeginAuditLog,INSERT INTO AuditLog,No db found
StagingToEDW_DimTuitionAssistanceProvider,spCMS_StagingToEDW_DimTuitionAssistanceProvider,from Staging to BING_EDW.,BING_EDW
StagingToEDW_DimTuitionAssistanceProvider,spCMS_StagingToEDW_DimTuitionAssistanceProvider,from Source by calling,No db found
StagingToEDW_DimTuitionAssistanceProvider,spCMS_StagingToEDW_DimTuitionAssistanceProvider,from source,No db found
StagingToEDW_DimTuitionAssistanceProvider,spCMS_StagingToEDW_DimTuitionAssistanceProvider,from SSIS DFT to Stored Proc as part of,No db found
StagingToEDW_DimTuitionAssistanceProvider,spCMS_StagingToEDW_DimTuitionAssistanceProvider,DECLARE @ProcName NVARCHAR,No db found
StagingToEDW_DimTuitionAssistanceProvider,spCMS_StagingToEDW_DimTuitionAssistanceProvider,DECLARE @DebugMsg NVARCHAR,No db found
StagingToEDW_DimTuitionAssistanceProvider,spCMS_StagingToEDW_DimTuitionAssistanceProvider,DECLARE @SourceName VARCHAR,No db found
StagingToEDW_DimTuitionAssistanceProvider,spCMS_StagingToEDW_DimTuitionAssistanceProvider,DECLARE @AuditId BIGINT,No db found
StagingToEDW_DimTuitionAssistanceProvider,spCMS_StagingToEDW_DimTuitionAssistanceProvider,DECLARE @RowCount INT,No db found
StagingToEDW_DimTuitionAssistanceProvider,spCMS_StagingToEDW_DimTuitionAssistanceProvider,DECLARE @Error INT,No db found
StagingToEDW_DimTuitionAssistanceProvider,spCMS_StagingToEDW_DimTuitionAssistanceProvider,DECLARE @SourceCount INT,No db found
StagingToEDW_DimTuitionAssistanceProvider,spCMS_StagingToEDW_DimTuitionAssistanceProvider,DECLARE @InsertCount INT,No db found
StagingToEDW_DimTuitionAssistanceProvider,spCMS_StagingToEDW_DimTuitionAssistanceProvider,DECLARE @UpdateCount INT,No db found
StagingToEDW_DimTuitionAssistanceProvider,spCMS_StagingToEDW_DimTuitionAssistanceProvider,DECLARE @DeleteCount INT,No db found
StagingToEDW_DimTuitionAssistanceProvider,spCMS_StagingToEDW_DimTuitionAssistanceProvider,DECLARE @tblMergeActions TABLE,No db found
StagingToEDW_DimTuitionAssistanceProvider,spCMS_StagingToEDW_DimTuitionAssistanceProvider,DECLARE @tblDeleteActions TABLE,No db found
StagingToEDW_DimTuitionAssistanceProvider,spCMS_StagingToEDW_DimTuitionAssistanceProvider,FROM Source,No db found
StagingToEDW_DimTuitionAssistanceProvider,spCMS_StagingToEDW_DimTuitionAssistanceProvider,from source ,No db found
StagingToEDW_DimTuitionAssistanceProvider,spCMS_StagingToEDW_DimTuitionAssistanceProvider,from Source.,Source
StagingToEDW_DimTuitionAssistanceProvider,spCMS_StagingToEDW_DimTuitionAssistanceProvider,UPDATE SET,No db found
StagingToEDW_DimTuitionAssistanceProvider,spCMS_StagingToEDW_DimTuitionAssistanceProvider,"FROM
             ",No db found
StagingToEDW_DimTuitionAssistanceProvider,spCMS_StagingToEDW_DimTuitionAssistanceProvider,FROM @tblMergeActions,No db found
StagingToEDW_DimTuitionAssistanceProvider,spCMS_StagingToEDW_DimTuitionAssistanceProvider,DECLARE @ErrMsg NVARCHAR,No db found
StagingToEDW_DimWebCampaign,spSalesForce_StagingToEDW_DimWebCampaign,from Staging to BING_EDW.,BING_EDW
StagingToEDW_DimWebCampaign,spSalesForce_StagingToEDW_DimWebCampaign,from Source by calling,No db found
StagingToEDW_DimWebCampaign,spSalesForce_StagingToEDW_DimWebCampaign,from source,No db found
StagingToEDW_DimWebCampaign,spSalesForce_StagingToEDW_DimWebCampaign,DECLARE @ProcName NVARCHAR,No db found
StagingToEDW_DimWebCampaign,spSalesForce_StagingToEDW_DimWebCampaign,DECLARE @DebugMsg NVARCHAR,No db found
StagingToEDW_DimWebCampaign,spSalesForce_StagingToEDW_DimWebCampaign,DECLARE @SourceName VARCHAR,No db found
StagingToEDW_DimWebCampaign,spSalesForce_StagingToEDW_DimWebCampaign,DECLARE @AuditId BIGINT,No db found
StagingToEDW_DimWebCampaign,spSalesForce_StagingToEDW_DimWebCampaign,DECLARE @RowCount INT,No db found
StagingToEDW_DimWebCampaign,spSalesForce_StagingToEDW_DimWebCampaign,DECLARE @Error INT,No db found
StagingToEDW_DimWebCampaign,spSalesForce_StagingToEDW_DimWebCampaign,DECLARE @SourceCount INT,No db found
StagingToEDW_DimWebCampaign,spSalesForce_StagingToEDW_DimWebCampaign,DECLARE @InsertCount INT,No db found
StagingToEDW_DimWebCampaign,spSalesForce_StagingToEDW_DimWebCampaign,DECLARE @UpdateCount INT,No db found
StagingToEDW_DimWebCampaign,spSalesForce_StagingToEDW_DimWebCampaign,DECLARE @DeleteCount INT,No db found
StagingToEDW_DimWebCampaign,spSalesForce_StagingToEDW_DimWebCampaign,DECLARE @tblMergeActions TABLE,No db found
StagingToEDW_DimWebCampaign,spSalesForce_StagingToEDW_DimWebCampaign,DECLARE @tblDeleteActions TABLE,No db found
StagingToEDW_DimWebCampaign,spSalesForce_StagingToEDW_DimWebCampaign,FROM Source,No db found
StagingToEDW_DimWebCampaign,spSalesForce_StagingToEDW_DimWebCampaign,from source ,No db found
StagingToEDW_DimWebCampaign,spSalesForce_StagingToEDW_DimWebCampaign,from Source.,Source
StagingToEDW_DimWebCampaign,spSalesForce_StagingToEDW_DimWebCampaign,INSERT INTO BING_EDW.dbo.DimWebCampaign,BING_EDW
StagingToEDW_DimWebCampaign,spSalesForce_StagingToEDW_DimWebCampaign,FROM BING_EDW.dbo.DimWebCampaign dm_wbcmp,BING_EDW
StagingToEDW_DimWebCampaign,spSalesForce_StagingToEDW_DimWebCampaign,DECLARE @ErrMsg NVARCHAR,No db found
StagingToEDW_FactAdjustment,spCMS_StagingToEDW_FactAdjustment,FROM sys.objects,sys
StagingToEDW_FactAdjustment,spCMS_StagingToEDW_FactAdjustment,from Staging to BING_EDW.,BING_EDW
StagingToEDW_FactAdjustment,spCMS_StagingToEDW_FactAdjustment,from Source by calling,No db found
StagingToEDW_FactAdjustment,spCMS_StagingToEDW_FactAdjustment,from source,No db found
StagingToEDW_FactAdjustment,spCMS_StagingToEDW_FactAdjustment,DECLARE @ProcName NVARCHAR,No db found
StagingToEDW_FactAdjustment,spCMS_StagingToEDW_FactAdjustment,DECLARE @DebugMsg NVARCHAR,No db found
StagingToEDW_FactAdjustment,spCMS_StagingToEDW_FactAdjustment,DECLARE @SourceName VARCHAR,No db found
StagingToEDW_FactAdjustment,spCMS_StagingToEDW_FactAdjustment,DECLARE @AuditId BIGINT,No db found
StagingToEDW_FactAdjustment,spCMS_StagingToEDW_FactAdjustment,DECLARE @RowCount INT,No db found
StagingToEDW_FactAdjustment,spCMS_StagingToEDW_FactAdjustment,DECLARE @Error INT,No db found
StagingToEDW_FactAdjustment,spCMS_StagingToEDW_FactAdjustment,DECLARE @SourceCount INT,No db found
StagingToEDW_FactAdjustment,spCMS_StagingToEDW_FactAdjustment,DECLARE @InsertCount INT,No db found
StagingToEDW_FactAdjustment,spCMS_StagingToEDW_FactAdjustment,DECLARE @UpdateCount INT,No db found
StagingToEDW_FactAdjustment,spCMS_StagingToEDW_FactAdjustment,DECLARE @DeleteCount INT,No db found
StagingToEDW_FactAdjustment,spCMS_StagingToEDW_FactAdjustment,DECLARE @tblMergeActions TABLE,No db found
StagingToEDW_FactAdjustment,spCMS_StagingToEDW_FactAdjustment,DECLARE @tblDeleteActions TABLE,No db found
StagingToEDW_FactAdjustment,spCMS_StagingToEDW_FactAdjustment,from Source,No db found
StagingToEDW_FactAdjustment,spCMS_StagingToEDW_FactAdjustment,from source ,No db found
StagingToEDW_FactAdjustment,spCMS_StagingToEDW_FactAdjustment,from Source.,Source
StagingToEDW_FactAdjustment,spCMS_StagingToEDW_FactAdjustment,UPDATE SET,No db found
StagingToEDW_FactAdjustment,spCMS_StagingToEDW_FactAdjustment,"FROM
             ",No db found
StagingToEDW_FactAdjustment,spCMS_StagingToEDW_FactAdjustment,FROM @tblMergeActions,No db found
StagingToEDW_FactAdjustment,spCMS_StagingToEDW_FactAdjustment,FROM @tblDeleteActions,No db found
StagingToEDW_FactAdjustment,spCMS_StagingToEDW_FactAdjustment,update in ,No db found
StagingToEDW_FactAdjustment,spCMS_StagingToEDW_FactAdjustment,from into Target.,Target
StagingToEDW_FactAdjustment,spCMS_StagingToEDW_FactAdjustment,DECLARE @ErrMsg NVARCHAR,No db found
StagingToEDW_FactARBalanceSnapshot,spBackupTranLog,FROM sys.objects,sys
StagingToEDW_FactARBalanceSnapshot,spBackupTranLog,DECLARE @BING_EDW_TrnLog_Path NVARCHAR,No db found
StagingToEDW_FactARBalanceSnapshot,spBackupTranLog,DECLARE @Timestamp NVARCHAR,No db found
StagingToEDW_FactARBalanceSnapshot,spCMS_BatchLoad_StagingToEDW_FactARBalanceSnapshot,from Staging to BING_EDW,No db found
StagingToEDW_FactARBalanceSnapshot,spCMS_BatchLoad_StagingToEDW_FactARBalanceSnapshot,from the LastProcessedDate,No db found
StagingToEDW_FactARBalanceSnapshot,spCMS_BatchLoad_StagingToEDW_FactARBalanceSnapshot,from the min week changed in Staging till today.,today
StagingToEDW_FactARBalanceSnapshot,spCMS_BatchLoad_StagingToEDW_FactARBalanceSnapshot,DECLARE @ProcName NVARCHAR,No db found
StagingToEDW_FactARBalanceSnapshot,spCMS_BatchLoad_StagingToEDW_FactARBalanceSnapshot,DECLARE @DebugMsg NVARCHAR,No db found
StagingToEDW_FactARBalanceSnapshot,spCMS_BatchLoad_StagingToEDW_FactARBalanceSnapshot,DECLARE @TaskName VARCHAR,No db found
StagingToEDW_FactARBalanceSnapshot,spCMS_BatchLoad_StagingToEDW_FactARBalanceSnapshot,DECLARE @SourceName SYSNAME ,No db found
StagingToEDW_FactARBalanceSnapshot,spCMS_BatchLoad_StagingToEDW_FactARBalanceSnapshot,DECLARE @IsOverrideBatch BIT,No db found
StagingToEDW_FactARBalanceSnapshot,spCMS_BatchLoad_StagingToEDW_FactARBalanceSnapshot,DECLARE @RowCount INT,No db found
StagingToEDW_FactARBalanceSnapshot,spCMS_BatchLoad_StagingToEDW_FactARBalanceSnapshot,DECLARE @Error INT,No db found
StagingToEDW_FactARBalanceSnapshot,spCMS_BatchLoad_StagingToEDW_FactARBalanceSnapshot,DECLARE @AuditId BIGINT,No db found
StagingToEDW_FactARBalanceSnapshot,spCMS_BatchLoad_StagingToEDW_FactARBalanceSnapshot,DECLARE @FiscalWeekEndDate DATE,No db found
StagingToEDW_FactARBalanceSnapshot,spCMS_BatchLoad_StagingToEDW_FactARBalanceSnapshot,DECLARE @SourceCount INT,No db found
StagingToEDW_FactARBalanceSnapshot,spCMS_BatchLoad_StagingToEDW_FactARBalanceSnapshot,DECLARE @InsertCount INT,No db found
StagingToEDW_FactARBalanceSnapshot,spCMS_BatchLoad_StagingToEDW_FactARBalanceSnapshot,DECLARE @UpdateCount INT,No db found
StagingToEDW_FactARBalanceSnapshot,spCMS_BatchLoad_StagingToEDW_FactARBalanceSnapshot,DECLARE @DeleteCount INT,No db found
StagingToEDW_FactARBalanceSnapshot,spCMS_BatchLoad_StagingToEDW_FactARBalanceSnapshot,DECLARE @StartingFiscalWeekEndDate DATETIME,No db found
StagingToEDW_FactARBalanceSnapshot,spCMS_BatchLoad_StagingToEDW_FactARBalanceSnapshot,DECLARE @LastProcessedDate DATE,No db found
StagingToEDW_FactARBalanceSnapshot,spCMS_BatchLoad_StagingToEDW_FactARBalanceSnapshot,FROM dbo.EDWETLBatchControl,dbo
StagingToEDW_FactARBalanceSnapshot,spCMS_BatchLoad_StagingToEDW_FactARBalanceSnapshot,DECLARE @BatchByFiscalWeekEndDate TABLE,No db found
StagingToEDW_FactARBalanceSnapshot,spCMS_BatchLoad_StagingToEDW_FactARBalanceSnapshot,FROM dbo.ARBalanceSnapshot,dbo
StagingToEDW_FactARBalanceSnapshot,spCMS_BatchLoad_StagingToEDW_FactARBalanceSnapshot,INSERT INTO @BatchByFiscalWeekEndDate,No db found
StagingToEDW_FactARBalanceSnapshot,spCMS_BatchLoad_StagingToEDW_FactARBalanceSnapshot,FROM BING_EDW.dbo.DimDate,BING_EDW
StagingToEDW_FactARBalanceSnapshot,spCMS_BatchLoad_StagingToEDW_FactARBalanceSnapshot,DECLARE csr_fact_rabalance_fisc_weekend CURSOR,No db found
StagingToEDW_FactARBalanceSnapshot,spCMS_BatchLoad_StagingToEDW_FactARBalanceSnapshot,FROM csr_fact_rabalance_fisc_weekend INTO @FiscalWeekEndDate,No db found
StagingToEDW_FactARBalanceSnapshot,spCMS_BatchLoad_StagingToEDW_FactARBalanceSnapshot,from all the batch loads for this table,No db found
StagingToEDW_FactARBalanceSnapshot,spCMS_BatchLoad_StagingToEDW_FactARBalanceSnapshot,FROM BING_EDW.dbo.EDWBatchLoadLog,BING_EDW
StagingToEDW_FactARBalanceSnapshot,spCMS_BatchLoad_StagingToEDW_FactARBalanceSnapshot,UPDATE [BING_EDW].[dbo].[EDWBatchOverride],[BING_EDW]
StagingToEDW_FactARBalanceSnapshot,spCMS_BatchLoad_StagingToEDW_FactARBalanceSnapshot,DECLARE @ErrMsg NVARCHAR,No db found
StagingToEDW_FactARBalanceSnapshot,spCSS_BatchLoad_StagingToEDW_FactARBalanceSnapshot,from the LastProcessedDate ,No db found
StagingToEDW_FactARBalanceSnapshot,spCSS_BatchLoad_StagingToEDW_FactARBalanceSnapshot,from Staging to BING_EDW,No db found
StagingToEDW_FactARBalanceSnapshot,spCSS_BatchLoad_StagingToEDW_FactARBalanceSnapshot,from the LastProcessedDate,No db found
StagingToEDW_FactARBalanceSnapshot,spCSS_BatchLoad_StagingToEDW_FactARBalanceSnapshot,DECLARE @ProcName NVARCHAR,No db found
StagingToEDW_FactARBalanceSnapshot,spCSS_BatchLoad_StagingToEDW_FactARBalanceSnapshot,DECLARE @DebugMsg NVARCHAR,No db found
StagingToEDW_FactARBalanceSnapshot,spCSS_BatchLoad_StagingToEDW_FactARBalanceSnapshot,DECLARE @TaskName VARCHAR,No db found
StagingToEDW_FactARBalanceSnapshot,spCSS_BatchLoad_StagingToEDW_FactARBalanceSnapshot,DECLARE @SourceName SYSNAME ,No db found
StagingToEDW_FactARBalanceSnapshot,spCSS_BatchLoad_StagingToEDW_FactARBalanceSnapshot,DECLARE @IsOverrideBatch BIT,No db found
StagingToEDW_FactARBalanceSnapshot,spCSS_BatchLoad_StagingToEDW_FactARBalanceSnapshot,DECLARE @RowCount INT,No db found
StagingToEDW_FactARBalanceSnapshot,spCSS_BatchLoad_StagingToEDW_FactARBalanceSnapshot,DECLARE @Error INT,No db found
StagingToEDW_FactARBalanceSnapshot,spCSS_BatchLoad_StagingToEDW_FactARBalanceSnapshot,DECLARE @AuditId BIGINT,No db found
StagingToEDW_FactARBalanceSnapshot,spCSS_BatchLoad_StagingToEDW_FactARBalanceSnapshot,DECLARE @FiscalWeekNumber INT,No db found
StagingToEDW_FactARBalanceSnapshot,spCSS_BatchLoad_StagingToEDW_FactARBalanceSnapshot,DECLARE @SourceCount INT,No db found
StagingToEDW_FactARBalanceSnapshot,spCSS_BatchLoad_StagingToEDW_FactARBalanceSnapshot,DECLARE @InsertCount INT,No db found
StagingToEDW_FactARBalanceSnapshot,spCSS_BatchLoad_StagingToEDW_FactARBalanceSnapshot,DECLARE @UpdateCount INT,No db found
StagingToEDW_FactARBalanceSnapshot,spCSS_BatchLoad_StagingToEDW_FactARBalanceSnapshot,DECLARE @DeleteCount INT,No db found
StagingToEDW_FactARBalanceSnapshot,spCSS_BatchLoad_StagingToEDW_FactARBalanceSnapshot,DECLARE @LastProcessedDate DATE,No db found
StagingToEDW_FactARBalanceSnapshot,spCSS_BatchLoad_StagingToEDW_FactARBalanceSnapshot,FROM dbo.EDWETLBatchControl,dbo
StagingToEDW_FactARBalanceSnapshot,spCSS_BatchLoad_StagingToEDW_FactARBalanceSnapshot,DECLARE @StartingFiscalWeekNumber INT,No db found
StagingToEDW_FactARBalanceSnapshot,spCSS_BatchLoad_StagingToEDW_FactARBalanceSnapshot,FROM BING_EDW..vDimFiscalWeek,BING_EDW
StagingToEDW_FactARBalanceSnapshot,spCSS_BatchLoad_StagingToEDW_FactARBalanceSnapshot,DECLARE @BatchByFiscalWeekNumber TABLE,No db found
StagingToEDW_FactARBalanceSnapshot,spCSS_BatchLoad_StagingToEDW_FactARBalanceSnapshot,FROM dbo.ARBalanceSnapshot,dbo
StagingToEDW_FactARBalanceSnapshot,spCSS_BatchLoad_StagingToEDW_FactARBalanceSnapshot,DECLARE csr_fact_rabalance_fisc_weekend CURSOR,No db found
StagingToEDW_FactARBalanceSnapshot,spCSS_BatchLoad_StagingToEDW_FactARBalanceSnapshot,FROM csr_fact_rabalance_fisc_weekend INTO @FiscalWeekNumber,No db found
StagingToEDW_FactARBalanceSnapshot,spCSS_BatchLoad_StagingToEDW_FactARBalanceSnapshot,from all the batch loads for this table,No db found
StagingToEDW_FactARBalanceSnapshot,spCSS_BatchLoad_StagingToEDW_FactARBalanceSnapshot,FROM BING_EDW.dbo.EDWBatchLoadLog,BING_EDW
StagingToEDW_FactARBalanceSnapshot,spCSS_BatchLoad_StagingToEDW_FactARBalanceSnapshot,UPDATE [BING_EDW].[dbo].[EDWBatchOverride],[BING_EDW]
StagingToEDW_FactARBalanceSnapshot,spCSS_BatchLoad_StagingToEDW_FactARBalanceSnapshot,DECLARE @ErrMsg NVARCHAR,No db found
StagingToEDW_FactBilling,spCMS_BatchLoad_StagingToEDW_FactBilling,from Staging to BING_EDW,No db found
StagingToEDW_FactBilling,spCMS_BatchLoad_StagingToEDW_FactBilling,DECLARE @ProcName NVARCHAR,No db found
StagingToEDW_FactBilling,spCMS_BatchLoad_StagingToEDW_FactBilling,DECLARE @DebugMsg NVARCHAR,No db found
StagingToEDW_FactBilling,spCMS_BatchLoad_StagingToEDW_FactBilling,DECLARE @TaskName VARCHAR,No db found
StagingToEDW_FactBilling,spCMS_BatchLoad_StagingToEDW_FactBilling,DECLARE @SourceName SYSNAME ,No db found
StagingToEDW_FactBilling,spCMS_BatchLoad_StagingToEDW_FactBilling,DECLARE @IsOverrideBatch BIT,No db found
StagingToEDW_FactBilling,spCMS_BatchLoad_StagingToEDW_FactBilling,DECLARE @RowCount INT,No db found
StagingToEDW_FactBilling,spCMS_BatchLoad_StagingToEDW_FactBilling,DECLARE @Error INT,No db found
StagingToEDW_FactBilling,spCMS_BatchLoad_StagingToEDW_FactBilling,DECLARE @AuditId BIGINT,No db found
StagingToEDW_FactBilling,spCMS_BatchLoad_StagingToEDW_FactBilling,DECLARE @FiscalYearNumber INT,No db found
StagingToEDW_FactBilling,spCMS_BatchLoad_StagingToEDW_FactBilling,DECLARE @SourceCount INT,No db found
StagingToEDW_FactBilling,spCMS_BatchLoad_StagingToEDW_FactBilling,DECLARE @InsertCount INT,No db found
StagingToEDW_FactBilling,spCMS_BatchLoad_StagingToEDW_FactBilling,DECLARE @UpdateCount INT,No db found
StagingToEDW_FactBilling,spCMS_BatchLoad_StagingToEDW_FactBilling,DECLARE @DeleteCount INT,No db found
StagingToEDW_FactBilling,spCMS_BatchLoad_StagingToEDW_FactBilling,DECLARE @LastProcessedDate DATE,No db found
StagingToEDW_FactBilling,spCMS_BatchLoad_StagingToEDW_FactBilling,FROM [dbo].[EDWETLBatchControl] ,[dbo]
StagingToEDW_FactBilling,spCMS_BatchLoad_StagingToEDW_FactBilling,DECLARE @BatchByFiscalYear TABLE ,No db found
StagingToEDW_FactBilling,spCMS_BatchLoad_StagingToEDW_FactBilling,"from
		   ",No db found
StagingToEDW_FactBilling,spCMS_BatchLoad_StagingToEDW_FactBilling,INSERT INTO @BatchByFiscalYear,No db found
StagingToEDW_FactBilling,spCMS_BatchLoad_StagingToEDW_FactBilling,FROM [CMS_Staging].[dbo].[finStudentInvoice],[CMS_Staging]
StagingToEDW_FactBilling,spCMS_BatchLoad_StagingToEDW_FactBilling,DECLARE csr_fact_billing_fiscal_year CURSOR,No db found
StagingToEDW_FactBilling,spCMS_BatchLoad_StagingToEDW_FactBilling,FROM @BatchByFiscalYear,No db found
StagingToEDW_FactBilling,spCMS_BatchLoad_StagingToEDW_FactBilling,FROM csr_fact_billing_fiscal_year INTO @FiscalYearNumber,No db found
StagingToEDW_FactBilling,spCMS_BatchLoad_StagingToEDW_FactBilling,from all the batch loads for this table,No db found
StagingToEDW_FactBilling,spCMS_BatchLoad_StagingToEDW_FactBilling,FROM BING_EDW.dbo.EDWBatchLoadLog,BING_EDW
StagingToEDW_FactBilling,spCMS_BatchLoad_StagingToEDW_FactBilling,UPDATE [BING_EDW].[dbo].[EDWBatchOverride],[BING_EDW]
StagingToEDW_FactBilling,spCMS_BatchLoad_StagingToEDW_FactBilling,DECLARE @ErrMsg NVARCHAR,No db found
StagingToEDW_FactEmployeeAssessment,spHR_StagingToEDW_FactEmployeeAssessment,from Staging to BING_EDW.,BING_EDW
StagingToEDW_FactEmployeeAssessment,spHR_StagingToEDW_FactEmployeeAssessment,DECLARE @ProcName NVARCHAR,No db found
StagingToEDW_FactEmployeeAssessment,spHR_StagingToEDW_FactEmployeeAssessment,DECLARE @DebugMsg NVARCHAR,No db found
StagingToEDW_FactEmployeeAssessment,spHR_StagingToEDW_FactEmployeeAssessment,DECLARE @SourceName VARCHAR,No db found
StagingToEDW_FactEmployeeAssessment,spHR_StagingToEDW_FactEmployeeAssessment,DECLARE @AuditId BIGINT,No db found
StagingToEDW_FactEmployeeAssessment,spHR_StagingToEDW_FactEmployeeAssessment,DECLARE @RowCount INT,No db found
StagingToEDW_FactEmployeeAssessment,spHR_StagingToEDW_FactEmployeeAssessment,DECLARE @Error INT,No db found
StagingToEDW_FactEmployeeAssessment,spHR_StagingToEDW_FactEmployeeAssessment,DECLARE @SourceCount INT,No db found
StagingToEDW_FactEmployeeAssessment,spHR_StagingToEDW_FactEmployeeAssessment,DECLARE @InsertCount INT,No db found
StagingToEDW_FactEmployeeAssessment,spHR_StagingToEDW_FactEmployeeAssessment,DECLARE @UpdateCount INT,No db found
StagingToEDW_FactEmployeeAssessment,spHR_StagingToEDW_FactEmployeeAssessment,DECLARE @DeleteCount INT,No db found
StagingToEDW_FactEmployeeAssessment,spHR_StagingToEDW_FactEmployeeAssessment,from Source,No db found
StagingToEDW_FactEmployeeAssessment,spHR_StagingToEDW_FactEmployeeAssessment,from source ,No db found
StagingToEDW_FactEmployeeAssessment,spHR_StagingToEDW_FactEmployeeAssessment,FROM vAssessments,No db found
StagingToEDW_FactEmployeeAssessment,spHR_StagingToEDW_FactEmployeeAssessment,from Source.,Source
StagingToEDW_FactEmployeeAssessment,spHR_StagingToEDW_FactEmployeeAssessment,FROM BING_EDW.dbo.FactEmployeeAssessment,BING_EDW
StagingToEDW_FactEmployeeAssessment,spHR_StagingToEDW_FactEmployeeAssessment,from Target.,Target
StagingToEDW_FactEmployeeAssessment,spHR_StagingToEDW_FactEmployeeAssessment,update or merge ,No db found
StagingToEDW_FactEmployeeAssessment,spHR_StagingToEDW_FactEmployeeAssessment,INSERT INTO BING_EDW.dbo.FactEmployeeAssessment,BING_EDW
StagingToEDW_FactEmployeeAssessment,spHR_StagingToEDW_FactEmployeeAssessment,DECLARE @ErrMsg NVARCHAR,No db found
StagingToEDW_FactEmployeeAssignment,spHR_StagingToEDW_FactEmployeeAssignment,from Staging to BING_EDW.,BING_EDW
StagingToEDW_FactEmployeeAssignment,spHR_StagingToEDW_FactEmployeeAssignment,DECLARE @ProcName NVARCHAR,No db found
StagingToEDW_FactEmployeeAssignment,spHR_StagingToEDW_FactEmployeeAssignment,DECLARE @DebugMsg NVARCHAR,No db found
StagingToEDW_FactEmployeeAssignment,spHR_StagingToEDW_FactEmployeeAssignment,DECLARE @SourceName VARCHAR,No db found
StagingToEDW_FactEmployeeAssignment,spHR_StagingToEDW_FactEmployeeAssignment,DECLARE @AuditId BIGINT,No db found
StagingToEDW_FactEmployeeAssignment,spHR_StagingToEDW_FactEmployeeAssignment,DECLARE @RowCount INT,No db found
StagingToEDW_FactEmployeeAssignment,spHR_StagingToEDW_FactEmployeeAssignment,DECLARE @Error INT,No db found
StagingToEDW_FactEmployeeAssignment,spHR_StagingToEDW_FactEmployeeAssignment,DECLARE @SourceCount INT,No db found
StagingToEDW_FactEmployeeAssignment,spHR_StagingToEDW_FactEmployeeAssignment,DECLARE @InsertCount INT,No db found
StagingToEDW_FactEmployeeAssignment,spHR_StagingToEDW_FactEmployeeAssignment,DECLARE @UpdateCount INT,No db found
StagingToEDW_FactEmployeeAssignment,spHR_StagingToEDW_FactEmployeeAssignment,DECLARE @DeleteCount INT,No db found
StagingToEDW_FactEmployeeAssignment,spHR_StagingToEDW_FactEmployeeAssignment,from Source,No db found
StagingToEDW_FactEmployeeAssignment,spHR_StagingToEDW_FactEmployeeAssignment,from source ,No db found
StagingToEDW_FactEmployeeAssignment,spHR_StagingToEDW_FactEmployeeAssignment,FROM vAssignments,No db found
StagingToEDW_FactEmployeeAssignment,spHR_StagingToEDW_FactEmployeeAssignment,from Source.,Source
StagingToEDW_FactEmployeeAssignment,spHR_StagingToEDW_FactEmployeeAssignment,FROM BING_EDW.dbo.FactEmployeeAssignment,BING_EDW
StagingToEDW_FactEmployeeAssignment,spHR_StagingToEDW_FactEmployeeAssignment,from Target.,Target
StagingToEDW_FactEmployeeAssignment,spHR_StagingToEDW_FactEmployeeAssignment,update or merge ,No db found
StagingToEDW_FactEmployeeAssignment,spHR_StagingToEDW_FactEmployeeAssignment,INSERT INTO BING_EDW.dbo.FactEmployeeAssignment,BING_EDW
StagingToEDW_FactEmployeeAssignment,spHR_StagingToEDW_FactEmployeeAssignment,DECLARE @ErrMsg NVARCHAR,No db found
StagingToEDW_FactEmployeeCompliance,spHR_StagingToEDW_FactEmployeeCompliance,FROM sys.objects,sys
StagingToEDW_FactEmployeeCompliance,spHR_StagingToEDW_FactEmployeeCompliance,Update ETL process for,No db found
StagingToEDW_FactEmployeeCompliance,spHR_StagingToEDW_FactEmployeeCompliance,from Staging to BING_EDW.,BING_EDW
StagingToEDW_FactEmployeeCompliance,spHR_StagingToEDW_FactEmployeeCompliance,from Source by calling,No db found
StagingToEDW_FactEmployeeCompliance,spHR_StagingToEDW_FactEmployeeCompliance,Update counts to caller,No db found
StagingToEDW_FactEmployeeCompliance,spHR_StagingToEDW_FactEmployeeCompliance,from source,No db found
StagingToEDW_FactEmployeeCompliance,spHR_StagingToEDW_FactEmployeeCompliance,DECLARE @ProcName NVARCHAR,No db found
StagingToEDW_FactEmployeeCompliance,spHR_StagingToEDW_FactEmployeeCompliance,DECLARE @DebugMsg NVARCHAR,No db found
StagingToEDW_FactEmployeeCompliance,spHR_StagingToEDW_FactEmployeeCompliance,DECLARE @SourceName VARCHAR,No db found
StagingToEDW_FactEmployeeCompliance,spHR_StagingToEDW_FactEmployeeCompliance,DECLARE @AuditId BIGINT,No db found
StagingToEDW_FactEmployeeCompliance,spHR_StagingToEDW_FactEmployeeCompliance,DECLARE @RowCount INT,No db found
StagingToEDW_FactEmployeeCompliance,spHR_StagingToEDW_FactEmployeeCompliance,DECLARE @Error INT,No db found
StagingToEDW_FactEmployeeCompliance,spHR_StagingToEDW_FactEmployeeCompliance,DECLARE @SourceCount INT,No db found
StagingToEDW_FactEmployeeCompliance,spHR_StagingToEDW_FactEmployeeCompliance,DECLARE @InsertCount INT,No db found
StagingToEDW_FactEmployeeCompliance,spHR_StagingToEDW_FactEmployeeCompliance,DECLARE @UpdateCount INT,No db found
StagingToEDW_FactEmployeeCompliance,spHR_StagingToEDW_FactEmployeeCompliance,DECLARE @DeleteCount INT,No db found
StagingToEDW_FactEmployeeCompliance,spHR_StagingToEDW_FactEmployeeCompliance,DECLARE @tblMergeActions TABLE,No db found
StagingToEDW_FactEmployeeCompliance,spHR_StagingToEDW_FactEmployeeCompliance,FROM Source,No db found
StagingToEDW_FactEmployeeCompliance,spHR_StagingToEDW_FactEmployeeCompliance,FROM source ,No db found
StagingToEDW_FactEmployeeCompliance,spHR_StagingToEDW_FactEmployeeCompliance,FROM Source.,Source
StagingToEDW_FactEmployeeCompliance,spHR_StagingToEDW_FactEmployeeCompliance,UPDATE SET,No db found
StagingToEDW_FactEmployeeCompliance,spHR_StagingToEDW_FactEmployeeCompliance,FROM @tblMergeActions,No db found
StagingToEDW_FactEmployeeCompliance,spHR_StagingToEDW_FactEmployeeCompliance,FROM into Target.,Target
StagingToEDW_FactEmployeeCompliance,spHR_StagingToEDW_FactEmployeeCompliance,DECLARE @ErrMsg NVARCHAR,No db found
StagingToEDW_FactEmployeeLeave,spHR_StagingToEDW_FactEmployeeLeave,from Staging to BING_EDW.,BING_EDW
StagingToEDW_FactEmployeeLeave,spHR_StagingToEDW_FactEmployeeLeave,DECLARE @ProcName NVARCHAR,No db found
StagingToEDW_FactEmployeeLeave,spHR_StagingToEDW_FactEmployeeLeave,DECLARE @DebugMsg NVARCHAR,No db found
StagingToEDW_FactEmployeeLeave,spHR_StagingToEDW_FactEmployeeLeave,DECLARE @SourceName VARCHAR,No db found
StagingToEDW_FactEmployeeLeave,spHR_StagingToEDW_FactEmployeeLeave,DECLARE @AuditId BIGINT,No db found
StagingToEDW_FactEmployeeLeave,spHR_StagingToEDW_FactEmployeeLeave,DECLARE @RowCount INT,No db found
StagingToEDW_FactEmployeeLeave,spHR_StagingToEDW_FactEmployeeLeave,DECLARE @Error INT,No db found
StagingToEDW_FactEmployeeLeave,spHR_StagingToEDW_FactEmployeeLeave,DECLARE @SourceCount INT,No db found
StagingToEDW_FactEmployeeLeave,spHR_StagingToEDW_FactEmployeeLeave,DECLARE @InsertCount INT,No db found
StagingToEDW_FactEmployeeLeave,spHR_StagingToEDW_FactEmployeeLeave,DECLARE @UpdateCount INT,No db found
StagingToEDW_FactEmployeeLeave,spHR_StagingToEDW_FactEmployeeLeave,DECLARE @DeleteCount INT,No db found
StagingToEDW_FactEmployeeLeave,spHR_StagingToEDW_FactEmployeeLeave,from Source,No db found
StagingToEDW_FactEmployeeLeave,spHR_StagingToEDW_FactEmployeeLeave,from source ,No db found
StagingToEDW_FactEmployeeLeave,spHR_StagingToEDW_FactEmployeeLeave,FROM vLeaves,No db found
StagingToEDW_FactEmployeeLeave,spHR_StagingToEDW_FactEmployeeLeave,from Source.,Source
StagingToEDW_FactEmployeeLeave,spHR_StagingToEDW_FactEmployeeLeave,FROM BING_EDW.dbo.FactEmployeeLeave,BING_EDW
StagingToEDW_FactEmployeeLeave,spHR_StagingToEDW_FactEmployeeLeave,from Target.,Target
StagingToEDW_FactEmployeeLeave,spHR_StagingToEDW_FactEmployeeLeave,update or merge ,No db found
StagingToEDW_FactEmployeeLeave,spHR_StagingToEDW_FactEmployeeLeave,INSERT INTO BING_EDW.dbo.FactEmployeeLeave,BING_EDW
StagingToEDW_FactEmployeeLeave,spHR_StagingToEDW_FactEmployeeLeave,DECLARE @ErrMsg NVARCHAR,No db found
StagingToEDW_FactEmployeePayRate,spHR_StagingToEDW_FactEmployeePayRate,from Staging to BING_EDW.,BING_EDW
StagingToEDW_FactEmployeePayRate,spHR_StagingToEDW_FactEmployeePayRate,DECLARE @ProcName NVARCHAR,No db found
StagingToEDW_FactEmployeePayRate,spHR_StagingToEDW_FactEmployeePayRate,DECLARE @DebugMsg NVARCHAR,No db found
StagingToEDW_FactEmployeePayRate,spHR_StagingToEDW_FactEmployeePayRate,DECLARE @SourceName VARCHAR,No db found
StagingToEDW_FactEmployeePayRate,spHR_StagingToEDW_FactEmployeePayRate,DECLARE @AuditId BIGINT,No db found
StagingToEDW_FactEmployeePayRate,spHR_StagingToEDW_FactEmployeePayRate,DECLARE @RowCount INT,No db found
StagingToEDW_FactEmployeePayRate,spHR_StagingToEDW_FactEmployeePayRate,DECLARE @Error INT,No db found
StagingToEDW_FactEmployeePayRate,spHR_StagingToEDW_FactEmployeePayRate,DECLARE @SourceCount INT,No db found
StagingToEDW_FactEmployeePayRate,spHR_StagingToEDW_FactEmployeePayRate,DECLARE @InsertCount INT,No db found
StagingToEDW_FactEmployeePayRate,spHR_StagingToEDW_FactEmployeePayRate,DECLARE @UpdateCount INT,No db found
StagingToEDW_FactEmployeePayRate,spHR_StagingToEDW_FactEmployeePayRate,DECLARE @DeleteCount INT,No db found
StagingToEDW_FactEmployeePayRate,spHR_StagingToEDW_FactEmployeePayRate,from Source,No db found
StagingToEDW_FactEmployeePayRate,spHR_StagingToEDW_FactEmployeePayRate,from source ,No db found
StagingToEDW_FactEmployeePayRate,spHR_StagingToEDW_FactEmployeePayRate,FROM vPayRates,No db found
StagingToEDW_FactEmployeePayRate,spHR_StagingToEDW_FactEmployeePayRate,from Source.,Source
StagingToEDW_FactEmployeePayRate,spHR_StagingToEDW_FactEmployeePayRate,FROM BING_EDW.dbo.FactEmployeePayRate,BING_EDW
StagingToEDW_FactEmployeePayRate,spHR_StagingToEDW_FactEmployeePayRate,from Target.,Target
StagingToEDW_FactEmployeePayRate,spHR_StagingToEDW_FactEmployeePayRate,update or merge ,No db found
StagingToEDW_FactEmployeePayRate,spHR_StagingToEDW_FactEmployeePayRate,INSERT INTO BING_EDW.dbo.FactEmployeePayRate,BING_EDW
StagingToEDW_FactEmployeePayRate,spHR_StagingToEDW_FactEmployeePayRate,DECLARE @ErrMsg NVARCHAR,No db found
StagingToEDW_FactEmployeePerformance,spHR_StagingToEDW_FactEmployeePerformance,from Staging to BING_EDW.,BING_EDW
StagingToEDW_FactEmployeePerformance,spHR_StagingToEDW_FactEmployeePerformance,DECLARE @ProcName NVARCHAR,No db found
StagingToEDW_FactEmployeePerformance,spHR_StagingToEDW_FactEmployeePerformance,DECLARE @DebugMsg NVARCHAR,No db found
StagingToEDW_FactEmployeePerformance,spHR_StagingToEDW_FactEmployeePerformance,DECLARE @SourceName VARCHAR,No db found
StagingToEDW_FactEmployeePerformance,spHR_StagingToEDW_FactEmployeePerformance,DECLARE @AuditId BIGINT,No db found
StagingToEDW_FactEmployeePerformance,spHR_StagingToEDW_FactEmployeePerformance,DECLARE @RowCount INT,No db found
StagingToEDW_FactEmployeePerformance,spHR_StagingToEDW_FactEmployeePerformance,DECLARE @Error INT,No db found
StagingToEDW_FactEmployeePerformance,spHR_StagingToEDW_FactEmployeePerformance,DECLARE @SourceCount INT,No db found
StagingToEDW_FactEmployeePerformance,spHR_StagingToEDW_FactEmployeePerformance,DECLARE @InsertCount INT,No db found
StagingToEDW_FactEmployeePerformance,spHR_StagingToEDW_FactEmployeePerformance,DECLARE @UpdateCount INT,No db found
StagingToEDW_FactEmployeePerformance,spHR_StagingToEDW_FactEmployeePerformance,DECLARE @DeleteCount INT,No db found
StagingToEDW_FactEmployeePerformance,spHR_StagingToEDW_FactEmployeePerformance,from Source,No db found
StagingToEDW_FactEmployeePerformance,spHR_StagingToEDW_FactEmployeePerformance,from source ,No db found
StagingToEDW_FactEmployeePerformance,spHR_StagingToEDW_FactEmployeePerformance,FROM vPerformanceReviews,No db found
StagingToEDW_FactEmployeePerformance,spHR_StagingToEDW_FactEmployeePerformance,from Source.,Source
StagingToEDW_FactEmployeePerformance,spHR_StagingToEDW_FactEmployeePerformance,FROM BING_EDW.dbo.FactEmployeePerformance,BING_EDW
StagingToEDW_FactEmployeePerformance,spHR_StagingToEDW_FactEmployeePerformance,from Target.,Target
StagingToEDW_FactEmployeePerformance,spHR_StagingToEDW_FactEmployeePerformance,update or merge ,No db found
StagingToEDW_FactEmployeePerformance,spHR_StagingToEDW_FactEmployeePerformance,INSERT INTO BING_EDW.dbo.FactEmployeePerformance,BING_EDW
StagingToEDW_FactEmployeePerformance,spHR_StagingToEDW_FactEmployeePerformance,DECLARE @ErrMsg NVARCHAR,No db found
StagingToEDW_FactEmployeeQualification,spHR_StagingToEDW_FactEmployeeQualification,FROM sys.objects,sys
StagingToEDW_FactEmployeeQualification,spHR_StagingToEDW_FactEmployeeQualification,Update ETL process for,No db found
StagingToEDW_FactEmployeeQualification,spHR_StagingToEDW_FactEmployeeQualification,from Staging to BING_EDW.,BING_EDW
StagingToEDW_FactEmployeeQualification,spHR_StagingToEDW_FactEmployeeQualification,from Source by calling,No db found
StagingToEDW_FactEmployeeQualification,spHR_StagingToEDW_FactEmployeeQualification,Update counts to caller,No db found
StagingToEDW_FactEmployeeQualification,spHR_StagingToEDW_FactEmployeeQualification,from source,No db found
StagingToEDW_FactEmployeeQualification,spHR_StagingToEDW_FactEmployeeQualification,DECLARE @ProcName NVARCHAR,No db found
StagingToEDW_FactEmployeeQualification,spHR_StagingToEDW_FactEmployeeQualification,DECLARE @DebugMsg NVARCHAR,No db found
StagingToEDW_FactEmployeeQualification,spHR_StagingToEDW_FactEmployeeQualification,DECLARE @SourceName VARCHAR,No db found
StagingToEDW_FactEmployeeQualification,spHR_StagingToEDW_FactEmployeeQualification,DECLARE @AuditId BIGINT,No db found
StagingToEDW_FactEmployeeQualification,spHR_StagingToEDW_FactEmployeeQualification,DECLARE @RowCount INT,No db found
StagingToEDW_FactEmployeeQualification,spHR_StagingToEDW_FactEmployeeQualification,DECLARE @Error INT,No db found
StagingToEDW_FactEmployeeQualification,spHR_StagingToEDW_FactEmployeeQualification,DECLARE @SourceCount INT,No db found
StagingToEDW_FactEmployeeQualification,spHR_StagingToEDW_FactEmployeeQualification,DECLARE @InsertCount INT,No db found
StagingToEDW_FactEmployeeQualification,spHR_StagingToEDW_FactEmployeeQualification,DECLARE @UpdateCount INT,No db found
StagingToEDW_FactEmployeeQualification,spHR_StagingToEDW_FactEmployeeQualification,DECLARE @DeleteCount INT,No db found
StagingToEDW_FactEmployeeQualification,spHR_StagingToEDW_FactEmployeeQualification,DECLARE @tblMergeActions TABLE,No db found
StagingToEDW_FactEmployeeQualification,spHR_StagingToEDW_FactEmployeeQualification,FROM Source,No db found
StagingToEDW_FactEmployeeQualification,spHR_StagingToEDW_FactEmployeeQualification,FROM source ,No db found
StagingToEDW_FactEmployeeQualification,spHR_StagingToEDW_FactEmployeeQualification,FROM Source.,Source
StagingToEDW_FactEmployeeQualification,spHR_StagingToEDW_FactEmployeeQualification,UPDATE SET,No db found
StagingToEDW_FactEmployeeQualification,spHR_StagingToEDW_FactEmployeeQualification,"FROM
             ",No db found
StagingToEDW_FactEmployeeQualification,spHR_StagingToEDW_FactEmployeeQualification,FROM @tblMergeActions,No db found
StagingToEDW_FactEmployeeQualification,spHR_StagingToEDW_FactEmployeeQualification,FROM into Target.,Target
StagingToEDW_FactEmployeeQualification,spHR_StagingToEDW_FactEmployeeQualification,DECLARE @ErrMsg NVARCHAR,No db found
StagingToEDW_FactFTESnapshot,spCMS_BatchLoad_StagingToEDW_FactFTESnapshot,from Staging to BING_EDW,No db found
StagingToEDW_FactFTESnapshot,spCMS_BatchLoad_StagingToEDW_FactFTESnapshot,from the LastProcessedDate,No db found
StagingToEDW_FactFTESnapshot,spCMS_BatchLoad_StagingToEDW_FactFTESnapshot,from UAT,No db found
StagingToEDW_FactFTESnapshot,spCMS_BatchLoad_StagingToEDW_FactFTESnapshot,DECLARE @ProcName NVARCHAR,No db found
StagingToEDW_FactFTESnapshot,spCMS_BatchLoad_StagingToEDW_FactFTESnapshot,DECLARE @DebugMsg NVARCHAR,No db found
StagingToEDW_FactFTESnapshot,spCMS_BatchLoad_StagingToEDW_FactFTESnapshot,DECLARE @TaskName VARCHAR,No db found
StagingToEDW_FactFTESnapshot,spCMS_BatchLoad_StagingToEDW_FactFTESnapshot,DECLARE @SourceName SYSNAME ,No db found
StagingToEDW_FactFTESnapshot,spCMS_BatchLoad_StagingToEDW_FactFTESnapshot,DECLARE @IsOverrideBatch BIT,No db found
StagingToEDW_FactFTESnapshot,spCMS_BatchLoad_StagingToEDW_FactFTESnapshot,DECLARE @RowCount INT,No db found
StagingToEDW_FactFTESnapshot,spCMS_BatchLoad_StagingToEDW_FactFTESnapshot,DECLARE @Error INT,No db found
StagingToEDW_FactFTESnapshot,spCMS_BatchLoad_StagingToEDW_FactFTESnapshot,DECLARE @AuditId BIGINT,No db found
StagingToEDW_FactFTESnapshot,spCMS_BatchLoad_StagingToEDW_FactFTESnapshot,DECLARE @FiscalDate DATE,No db found
StagingToEDW_FactFTESnapshot,spCMS_BatchLoad_StagingToEDW_FactFTESnapshot,DECLARE @SourceCount INT ,No db found
StagingToEDW_FactFTESnapshot,spCMS_BatchLoad_StagingToEDW_FactFTESnapshot,DECLARE @InsertCount INT ,No db found
StagingToEDW_FactFTESnapshot,spCMS_BatchLoad_StagingToEDW_FactFTESnapshot,DECLARE @UpdateCount INT ,No db found
StagingToEDW_FactFTESnapshot,spCMS_BatchLoad_StagingToEDW_FactFTESnapshot,DECLARE @DeleteCount INT ,No db found
StagingToEDW_FactFTESnapshot,spCMS_BatchLoad_StagingToEDW_FactFTESnapshot,DECLARE @LastProcessedDate DATETIME,No db found
StagingToEDW_FactFTESnapshot,spCMS_BatchLoad_StagingToEDW_FactFTESnapshot,FROM dbo.EDWETLBatchControl ,dbo
StagingToEDW_FactFTESnapshot,spCMS_BatchLoad_StagingToEDW_FactFTESnapshot,from CMS,No db found
StagingToEDW_FactFTESnapshot,spCMS_BatchLoad_StagingToEDW_FactFTESnapshot,DECLARE @BatchByFiscalDate TABLE,No db found
StagingToEDW_FactFTESnapshot,spCMS_BatchLoad_StagingToEDW_FactFTESnapshot,DECLARE @CMSStartDate DATE ,No db found
StagingToEDW_FactFTESnapshot,spCMS_BatchLoad_StagingToEDW_FactFTESnapshot,FROM dbo.enrlSession,dbo
StagingToEDW_FactFTESnapshot,spCMS_BatchLoad_StagingToEDW_FactFTESnapshot,FROM dbo.finStudentInvoice ,dbo
StagingToEDW_FactFTESnapshot,spCMS_BatchLoad_StagingToEDW_FactFTESnapshot,JOIN dbo.srvcatFees ,dbo
StagingToEDW_FactFTESnapshot,spCMS_BatchLoad_StagingToEDW_FactFTESnapshot,FROM BING_EDW.dbo.DimDate ,BING_EDW
StagingToEDW_FactFTESnapshot,spCMS_BatchLoad_StagingToEDW_FactFTESnapshot,FROM dbo.enrlSession ,dbo
StagingToEDW_FactFTESnapshot,spCMS_BatchLoad_StagingToEDW_FactFTESnapshot,JOIN dbo.enrlScheduleDay ,dbo
StagingToEDW_FactFTESnapshot,spCMS_BatchLoad_StagingToEDW_FactFTESnapshot,JOIN BING_EDW.dbo.DimDate ,BING_EDW
StagingToEDW_FactFTESnapshot,spCMS_BatchLoad_StagingToEDW_FactFTESnapshot,JOIN dbo.enrlSessionSupportFTEInc,dbo
StagingToEDW_FactFTESnapshot,spCMS_BatchLoad_StagingToEDW_FactFTESnapshot,FROM BING_EDW..DimDate,BING_EDW
StagingToEDW_FactFTESnapshot,spCMS_BatchLoad_StagingToEDW_FactFTESnapshot,DECLARE cms_fact_ftesnapshot_fisc_date CURSOR FOR,No db found
StagingToEDW_FactFTESnapshot,spCMS_BatchLoad_StagingToEDW_FactFTESnapshot,FROM cms_fact_ftesnapshot_fisc_date,No db found
StagingToEDW_FactFTESnapshot,spCMS_BatchLoad_StagingToEDW_FactFTESnapshot,from all the batch loads for this table,No db found
StagingToEDW_FactFTESnapshot,spCMS_BatchLoad_StagingToEDW_FactFTESnapshot,FROM BING_EDW.dbo.EDWBatchLoadLog,BING_EDW
StagingToEDW_FactFTESnapshot,spCMS_BatchLoad_StagingToEDW_FactFTESnapshot,UPDATE [BING_EDW].[dbo].[EDWBatchOverride],[BING_EDW]
StagingToEDW_FactFTESnapshot,spCMS_BatchLoad_StagingToEDW_FactFTESnapshot,INSERT INTO dbo.enrlSessionSupportFTEInc,dbo
StagingToEDW_FactFTESnapshot,spCMS_BatchLoad_StagingToEDW_FactFTESnapshot,FROM CMS_Staging..enrlSession,CMS_Staging
StagingToEDW_FactFTESnapshot,spCMS_BatchLoad_StagingToEDW_FactFTESnapshot,DECLARE @ErrMsg NVARCHAR,No db found
StagingToEDW_FactFTESnapshotAcquired,spMISC_StagingToEDW_FactFTESnapshot,from Staging to BING_EDW.,BING_EDW
StagingToEDW_FactFTESnapshotAcquired,spMISC_StagingToEDW_FactFTESnapshot,DECLARE @ProcName NVARCHAR,No db found
StagingToEDW_FactFTESnapshotAcquired,spMISC_StagingToEDW_FactFTESnapshot,DECLARE @DebugMsg NVARCHAR,No db found
StagingToEDW_FactFTESnapshotAcquired,spMISC_StagingToEDW_FactFTESnapshot,DECLARE @SourceName VARCHAR,No db found
StagingToEDW_FactFTESnapshotAcquired,spMISC_StagingToEDW_FactFTESnapshot,DECLARE @AuditId BIGINT,No db found
StagingToEDW_FactFTESnapshotAcquired,spMISC_StagingToEDW_FactFTESnapshot,DECLARE @RowCount INT,No db found
StagingToEDW_FactFTESnapshotAcquired,spMISC_StagingToEDW_FactFTESnapshot,DECLARE @Error INT,No db found
StagingToEDW_FactFTESnapshotAcquired,spMISC_StagingToEDW_FactFTESnapshot,DECLARE @SourceCount INT,No db found
StagingToEDW_FactFTESnapshotAcquired,spMISC_StagingToEDW_FactFTESnapshot,DECLARE @InsertCount INT,No db found
StagingToEDW_FactFTESnapshotAcquired,spMISC_StagingToEDW_FactFTESnapshot,DECLARE @UpdateCount INT,No db found
StagingToEDW_FactFTESnapshotAcquired,spMISC_StagingToEDW_FactFTESnapshot,DECLARE @DeleteCount INT,No db found
StagingToEDW_FactFTESnapshotAcquired,spMISC_StagingToEDW_FactFTESnapshot,from Source,No db found
StagingToEDW_FactFTESnapshotAcquired,spMISC_StagingToEDW_FactFTESnapshot,from source ,No db found
StagingToEDW_FactFTESnapshotAcquired,spMISC_StagingToEDW_FactFTESnapshot,FROM [dbo].[AcquiredDollarandStats],[dbo]
StagingToEDW_FactFTESnapshotAcquired,spMISC_StagingToEDW_FactFTESnapshot,from Source.,Source
StagingToEDW_FactFTESnapshotAcquired,spMISC_StagingToEDW_FactFTESnapshot,FROM BING_EDW.dbo.FactFTESnapshot where SourceSystem,BING_EDW
StagingToEDW_FactFTESnapshotAcquired,spMISC_StagingToEDW_FactFTESnapshot,from Target.,Target
StagingToEDW_FactFTESnapshotAcquired,spMISC_StagingToEDW_FactFTESnapshot,update or merge ,No db found
StagingToEDW_FactFTESnapshotAcquired,spMISC_StagingToEDW_FactFTESnapshot,INSERT INTO BING_EDW.dbo.FactFTESnapshot,BING_EDW
StagingToEDW_FactFTESnapshotAcquired,spMISC_StagingToEDW_FactFTESnapshot,FROM dbo.AcquiredDollarandStats fct_FTE,dbo
StagingToEDW_FactFTESnapshotAcquired,spMISC_StagingToEDW_FactFTESnapshot,JOIN BING_EDW.dbo.DimDate dm_dt ON fct_FTE.FiscalWeekEndDate ,BING_EDW
StagingToEDW_FactFTESnapshotAcquired,spMISC_StagingToEDW_FactFTESnapshot,JOIN BING_EDW.dbo.DimCostCenter dm_cctr ON fct_FTE.CostCenterNumber ,BING_EDW
StagingToEDW_FactFTESnapshotAcquired,spMISC_StagingToEDW_FactFTESnapshot,JOIN BING_EDW.dbo.DimOrganization dm_org ON dm_cctr.CostCenterNumber ,BING_EDW
StagingToEDW_FactFTESnapshotAcquired,spMISC_StagingToEDW_FactFTESnapshot,JOIN BING_EDW.dbo.DimLocation dm_loc ON dm_org.DefaultLocationID ,BING_EDW
StagingToEDW_FactFTESnapshotAcquired,spMISC_StagingToEDW_FactFTESnapshot,JOIN BING_EDW.dbo.DimAccountSubaccount dm_acc_sub ON fct_FTE.AccountID ,BING_EDW
StagingToEDW_FactFTESnapshotAcquired,spMISC_StagingToEDW_FactFTESnapshot,DECLARE @ErrMsg NVARCHAR,No db found
StagingToEDW_FactFTESnapshotCSS,spCSS_BatchLoad_StagingToEDW_FactFTESnapshot,from the LastProcessedDate ,No db found
StagingToEDW_FactFTESnapshotCSS,spCSS_BatchLoad_StagingToEDW_FactFTESnapshot,from Staging to BING_EDW,No db found
StagingToEDW_FactFTESnapshotCSS,spCSS_BatchLoad_StagingToEDW_FactFTESnapshot,from the LastProcessedDate,No db found
StagingToEDW_FactFTESnapshotCSS,spCSS_BatchLoad_StagingToEDW_FactFTESnapshot,DECLARE @ProcName NVARCHAR,No db found
StagingToEDW_FactFTESnapshotCSS,spCSS_BatchLoad_StagingToEDW_FactFTESnapshot,DECLARE @DebugMsg NVARCHAR,No db found
StagingToEDW_FactFTESnapshotCSS,spCSS_BatchLoad_StagingToEDW_FactFTESnapshot,DECLARE @TaskName VARCHAR,No db found
StagingToEDW_FactFTESnapshotCSS,spCSS_BatchLoad_StagingToEDW_FactFTESnapshot,DECLARE @SourceName SYSNAME ,No db found
StagingToEDW_FactFTESnapshotCSS,spCSS_BatchLoad_StagingToEDW_FactFTESnapshot,DECLARE @IsOverrideBatch BIT,No db found
StagingToEDW_FactFTESnapshotCSS,spCSS_BatchLoad_StagingToEDW_FactFTESnapshot,DECLARE @RowCount INT,No db found
StagingToEDW_FactFTESnapshotCSS,spCSS_BatchLoad_StagingToEDW_FactFTESnapshot,DECLARE @Error INT,No db found
StagingToEDW_FactFTESnapshotCSS,spCSS_BatchLoad_StagingToEDW_FactFTESnapshot,DECLARE @AuditId BIGINT,No db found
StagingToEDW_FactFTESnapshotCSS,spCSS_BatchLoad_StagingToEDW_FactFTESnapshot,DECLARE @FiscalWeekNumber INT,No db found
StagingToEDW_FactFTESnapshotCSS,spCSS_BatchLoad_StagingToEDW_FactFTESnapshot,DECLARE @SourceCount INT,No db found
StagingToEDW_FactFTESnapshotCSS,spCSS_BatchLoad_StagingToEDW_FactFTESnapshot,DECLARE @InsertCount INT,No db found
StagingToEDW_FactFTESnapshotCSS,spCSS_BatchLoad_StagingToEDW_FactFTESnapshot,DECLARE @UpdateCount INT,No db found
StagingToEDW_FactFTESnapshotCSS,spCSS_BatchLoad_StagingToEDW_FactFTESnapshot,DECLARE @DeleteCount INT,No db found
StagingToEDW_FactFTESnapshotCSS,spCSS_BatchLoad_StagingToEDW_FactFTESnapshot,DECLARE @StartingFiscalWeekNumber INT,No db found
StagingToEDW_FactFTESnapshotCSS,spCSS_BatchLoad_StagingToEDW_FactFTESnapshot,DECLARE @LastProcessedDate DATE,No db found
StagingToEDW_FactFTESnapshotCSS,spCSS_BatchLoad_StagingToEDW_FactFTESnapshot,FROM dbo.EDWETLBatchControl,dbo
StagingToEDW_FactFTESnapshotCSS,spCSS_BatchLoad_StagingToEDW_FactFTESnapshot,FROM BING_EDW.dbo.DimDate D,BING_EDW
StagingToEDW_FactFTESnapshotCSS,spCSS_BatchLoad_StagingToEDW_FactFTESnapshot,from whatever the @LastProcessedDate is [SB ,No db found
StagingToEDW_FactFTESnapshotCSS,spCSS_BatchLoad_StagingToEDW_FactFTESnapshot,DECLARE @BatchByFiscalWeekNumber TABLE,No db found
StagingToEDW_FactFTESnapshotCSS,spCSS_BatchLoad_StagingToEDW_FactFTESnapshot,DECLARE @CSSBalanceStartWeek INT,No db found
StagingToEDW_FactFTESnapshotCSS,spCSS_BatchLoad_StagingToEDW_FactFTESnapshot,FROM dbo.vTransaction,dbo
StagingToEDW_FactFTESnapshotCSS,spCSS_BatchLoad_StagingToEDW_FactFTESnapshot,FROM BING_EDW.dbo.DimDate,BING_EDW
StagingToEDW_FactFTESnapshotCSS,spCSS_BatchLoad_StagingToEDW_FactFTESnapshot,DECLARE css_fact_ftesnapshot_fisc_week_no CURSOR,No db found
StagingToEDW_FactFTESnapshotCSS,spCSS_BatchLoad_StagingToEDW_FactFTESnapshot,FROM css_fact_ftesnapshot_fisc_week_no INTO @FiscalWeekNumber,No db found
StagingToEDW_FactFTESnapshotCSS,spCSS_BatchLoad_StagingToEDW_FactFTESnapshot,from all the batch loads for this table,No db found
StagingToEDW_FactFTESnapshotCSS,spCSS_BatchLoad_StagingToEDW_FactFTESnapshot,FROM BING_EDW.dbo.EDWBatchLoadLog,BING_EDW
StagingToEDW_FactFTESnapshotCSS,spCSS_BatchLoad_StagingToEDW_FactFTESnapshot,UPDATE [BING_EDW].[dbo].[EDWBatchOverride],[BING_EDW]
StagingToEDW_FactFTESnapshotCSS,spCSS_BatchLoad_StagingToEDW_FactFTESnapshot,DECLARE @ErrMsg NVARCHAR,No db found
StagingToEDW_FactFTESnapshotPRO,spCambridge_BatchLoad_StagingToEDW_FactFTESnapshot,from Staging to BING_EDW,No db found
StagingToEDW_FactFTESnapshotPRO,spCambridge_BatchLoad_StagingToEDW_FactFTESnapshot,DECLARE @ProcName NVARCHAR,No db found
StagingToEDW_FactFTESnapshotPRO,spCambridge_BatchLoad_StagingToEDW_FactFTESnapshot,DECLARE @DebugMsg NVARCHAR,No db found
StagingToEDW_FactFTESnapshotPRO,spCambridge_BatchLoad_StagingToEDW_FactFTESnapshot,DECLARE @TaskName VARCHAR,No db found
StagingToEDW_FactFTESnapshotPRO,spCambridge_BatchLoad_StagingToEDW_FactFTESnapshot,DECLARE @SourceName SYSNAME ,No db found
StagingToEDW_FactFTESnapshotPRO,spCambridge_BatchLoad_StagingToEDW_FactFTESnapshot,DECLARE @IsOverrideBatch BIT,No db found
StagingToEDW_FactFTESnapshotPRO,spCambridge_BatchLoad_StagingToEDW_FactFTESnapshot,DECLARE @RowCount INT,No db found
StagingToEDW_FactFTESnapshotPRO,spCambridge_BatchLoad_StagingToEDW_FactFTESnapshot,DECLARE @Error INT,No db found
StagingToEDW_FactFTESnapshotPRO,spCambridge_BatchLoad_StagingToEDW_FactFTESnapshot,DECLARE @AuditId BIGINT,No db found
StagingToEDW_FactFTESnapshotPRO,spCambridge_BatchLoad_StagingToEDW_FactFTESnapshot,DECLARE @FiscalWeekNumber INT,No db found
StagingToEDW_FactFTESnapshotPRO,spCambridge_BatchLoad_StagingToEDW_FactFTESnapshot,DECLARE @SourceCount INT,No db found
StagingToEDW_FactFTESnapshotPRO,spCambridge_BatchLoad_StagingToEDW_FactFTESnapshot,DECLARE @InsertCount INT,No db found
StagingToEDW_FactFTESnapshotPRO,spCambridge_BatchLoad_StagingToEDW_FactFTESnapshot,DECLARE @UpdateCount INT,No db found
StagingToEDW_FactFTESnapshotPRO,spCambridge_BatchLoad_StagingToEDW_FactFTESnapshot,DECLARE @DeleteCount INT,No db found
StagingToEDW_FactFTESnapshotPRO,spCambridge_BatchLoad_StagingToEDW_FactFTESnapshot,DECLARE @LastProcessedDate DATE,No db found
StagingToEDW_FactFTESnapshotPRO,spCambridge_BatchLoad_StagingToEDW_FactFTESnapshot,FROM dbo.EDWETLBatchControl,dbo
StagingToEDW_FactFTESnapshotPRO,spCambridge_BatchLoad_StagingToEDW_FactFTESnapshot,DECLARE @BatchByFiscalWeekNumber TABLE,No db found
StagingToEDW_FactFTESnapshotPRO,spCambridge_BatchLoad_StagingToEDW_FactFTESnapshot,DECLARE @SourceFiscalWeekNumber TABLE,No db found
StagingToEDW_FactFTESnapshotPRO,spCambridge_BatchLoad_StagingToEDW_FactFTESnapshot,INSERT INTO @SourceFiscalWeekNumber,No db found
StagingToEDW_FactFTESnapshotPRO,spCambridge_BatchLoad_StagingToEDW_FactFTESnapshot,FROM dbo.CambridgeRevenue,dbo
StagingToEDW_FactFTESnapshotPRO,spCambridge_BatchLoad_StagingToEDW_FactFTESnapshot,FROM BING_EDW.dbo.DimDate,BING_EDW
StagingToEDW_FactFTESnapshotPRO,spCambridge_BatchLoad_StagingToEDW_FactFTESnapshot,JOIN ,No db found
StagingToEDW_FactFTESnapshotPRO,spCambridge_BatchLoad_StagingToEDW_FactFTESnapshot,DECLARE pro_fact_ftesnapshot_fisc_week_no CURSOR,No db found
StagingToEDW_FactFTESnapshotPRO,spCambridge_BatchLoad_StagingToEDW_FactFTESnapshot,FROM pro_fact_ftesnapshot_fisc_week_no INTO @FiscalWeekNumber,No db found
StagingToEDW_FactFTESnapshotPRO,spCambridge_BatchLoad_StagingToEDW_FactFTESnapshot,from all the batch loads for this table,No db found
StagingToEDW_FactFTESnapshotPRO,spCambridge_BatchLoad_StagingToEDW_FactFTESnapshot,FROM BING_EDW.dbo.EDWBatchLoadLog,BING_EDW
StagingToEDW_FactFTESnapshotPRO,spCambridge_BatchLoad_StagingToEDW_FactFTESnapshot,UPDATE [BING_EDW].[dbo].[EDWBatchOverride],[BING_EDW]
StagingToEDW_FactFTESnapshotPRO,spCambridge_BatchLoad_StagingToEDW_FactFTESnapshot,DECLARE @ErrMsg NVARCHAR,No db found
StagingToEDW_FactGLBalance,spGL_BatchLoad_StagingToEDW_FactGLBalance,from the LastProcessedDate ,No db found
StagingToEDW_FactGLBalance,spGL_BatchLoad_StagingToEDW_FactGLBalance,from GL Staging to BING_EDW,No db found
StagingToEDW_FactGLBalance,spGL_BatchLoad_StagingToEDW_FactGLBalance,DECLARE @ProcName NVARCHAR,No db found
StagingToEDW_FactGLBalance,spGL_BatchLoad_StagingToEDW_FactGLBalance,DECLARE @DebugMsg NVARCHAR,No db found
StagingToEDW_FactGLBalance,spGL_BatchLoad_StagingToEDW_FactGLBalance,DECLARE @TaskName VARCHAR,No db found
StagingToEDW_FactGLBalance,spGL_BatchLoad_StagingToEDW_FactGLBalance,DECLARE @SourceName SYSNAME ,No db found
StagingToEDW_FactGLBalance,spGL_BatchLoad_StagingToEDW_FactGLBalance,DECLARE @IsOverrideBatch BIT,No db found
StagingToEDW_FactGLBalance,spGL_BatchLoad_StagingToEDW_FactGLBalance,DECLARE @RowCount INT,No db found
StagingToEDW_FactGLBalance,spGL_BatchLoad_StagingToEDW_FactGLBalance,DECLARE @Error INT,No db found
StagingToEDW_FactGLBalance,spGL_BatchLoad_StagingToEDW_FactGLBalance,DECLARE @AuditId BIGINT,No db found
StagingToEDW_FactGLBalance,spGL_BatchLoad_StagingToEDW_FactGLBalance,DECLARE @FiscalPeriodNumber INT,No db found
StagingToEDW_FactGLBalance,spGL_BatchLoad_StagingToEDW_FactGLBalance,DECLARE @SourceCount INT,No db found
StagingToEDW_FactGLBalance,spGL_BatchLoad_StagingToEDW_FactGLBalance,DECLARE @InsertCount INT,No db found
StagingToEDW_FactGLBalance,spGL_BatchLoad_StagingToEDW_FactGLBalance,DECLARE @UpdateCount INT,No db found
StagingToEDW_FactGLBalance,spGL_BatchLoad_StagingToEDW_FactGLBalance,DECLARE @DeleteCount INT,No db found
StagingToEDW_FactGLBalance,spGL_BatchLoad_StagingToEDW_FactGLBalance,DECLARE @LastProcessedDate DATE,No db found
StagingToEDW_FactGLBalance,spGL_BatchLoad_StagingToEDW_FactGLBalance,FROM GL_Staging..EDWETLBatchControl,GL_Staging
StagingToEDW_FactGLBalance,spGL_BatchLoad_StagingToEDW_FactGLBalance,DECLARE @StartingFiscalPeriodNumber INT,No db found
StagingToEDW_FactGLBalance,spGL_BatchLoad_StagingToEDW_FactGLBalance,FROM BING_EDW..vDimFiscalPeriod,BING_EDW
StagingToEDW_FactGLBalance,spGL_BatchLoad_StagingToEDW_FactGLBalance,FROM vGLBalances,No db found
StagingToEDW_FactGLBalance,spGL_BatchLoad_StagingToEDW_FactGLBalance,DECLARE csr_fact_Balance_GL_fisc_PeriodNumber CURSOR,No db found
StagingToEDW_FactGLBalance,spGL_BatchLoad_StagingToEDW_FactGLBalance,FROM csr_fact_Balance_GL_fisc_PeriodNumber INTO @FiscalPeriodNumber,No db found
StagingToEDW_FactGLBalance,spGL_BatchLoad_StagingToEDW_FactGLBalance,from all the batch loads for this table,No db found
StagingToEDW_FactGLBalance,spGL_BatchLoad_StagingToEDW_FactGLBalance,FROM BING_EDW.dbo.EDWBatchLoadLog,BING_EDW
StagingToEDW_FactGLBalance,spGL_BatchLoad_StagingToEDW_FactGLBalance,UPDATE [BING_EDW].[dbo].[EDWBatchOverride],[BING_EDW]
StagingToEDW_FactGLBalance,spGL_BatchLoad_StagingToEDW_FactGLBalance,DECLARE @ErrMsg NVARCHAR,No db found
StagingToEDW_FactGLBalancePlanAllocation,spMISC_BatchLoad_StagingToEDW_FactGLBalancePlanAllocation,from Staging to BING_EDW,No db found
StagingToEDW_FactGLBalancePlanAllocation,spMISC_BatchLoad_StagingToEDW_FactGLBalancePlanAllocation,from the LastProcessedDate,No db found
StagingToEDW_FactGLBalancePlanAllocation,spMISC_BatchLoad_StagingToEDW_FactGLBalancePlanAllocation,from WeeklyPlanAlloactio,No db found
StagingToEDW_FactGLBalancePlanAllocation,spMISC_BatchLoad_StagingToEDW_FactGLBalancePlanAllocation,DECLARE @ProcName NVARCHAR,No db found
StagingToEDW_FactGLBalancePlanAllocation,spMISC_BatchLoad_StagingToEDW_FactGLBalancePlanAllocation,DECLARE @DebugMsg NVARCHAR,No db found
StagingToEDW_FactGLBalancePlanAllocation,spMISC_BatchLoad_StagingToEDW_FactGLBalancePlanAllocation,DECLARE @TaskName VARCHAR,No db found
StagingToEDW_FactGLBalancePlanAllocation,spMISC_BatchLoad_StagingToEDW_FactGLBalancePlanAllocation,DECLARE @SourceName SYSNAME ,No db found
StagingToEDW_FactGLBalancePlanAllocation,spMISC_BatchLoad_StagingToEDW_FactGLBalancePlanAllocation,DECLARE @IsOverrideBatch BIT,No db found
StagingToEDW_FactGLBalancePlanAllocation,spMISC_BatchLoad_StagingToEDW_FactGLBalancePlanAllocation,DECLARE @RowCount INT,No db found
StagingToEDW_FactGLBalancePlanAllocation,spMISC_BatchLoad_StagingToEDW_FactGLBalancePlanAllocation,DECLARE @Error INT,No db found
StagingToEDW_FactGLBalancePlanAllocation,spMISC_BatchLoad_StagingToEDW_FactGLBalancePlanAllocation,DECLARE @AuditId BIGINT,No db found
StagingToEDW_FactGLBalancePlanAllocation,spMISC_BatchLoad_StagingToEDW_FactGLBalancePlanAllocation,DECLARE @FiscalPeriodNumber INT,No db found
StagingToEDW_FactGLBalancePlanAllocation,spMISC_BatchLoad_StagingToEDW_FactGLBalancePlanAllocation,DECLARE @SourceCount INT,No db found
StagingToEDW_FactGLBalancePlanAllocation,spMISC_BatchLoad_StagingToEDW_FactGLBalancePlanAllocation,DECLARE @InsertCount INT,No db found
StagingToEDW_FactGLBalancePlanAllocation,spMISC_BatchLoad_StagingToEDW_FactGLBalancePlanAllocation,DECLARE @UpdateCount INT,No db found
StagingToEDW_FactGLBalancePlanAllocation,spMISC_BatchLoad_StagingToEDW_FactGLBalancePlanAllocation,DECLARE @DeleteCount INT,No db found
StagingToEDW_FactGLBalancePlanAllocation,spMISC_BatchLoad_StagingToEDW_FactGLBalancePlanAllocation,DECLARE @LastProcessedDate DATE,No db found
StagingToEDW_FactGLBalancePlanAllocation,spMISC_BatchLoad_StagingToEDW_FactGLBalancePlanAllocation,FROM [MISC_Staging].[dbo].[EDWETLBatchControl] ,[MISC_Staging]
StagingToEDW_FactGLBalancePlanAllocation,spMISC_BatchLoad_StagingToEDW_FactGLBalancePlanAllocation,DECLARE @LastProcessedUTCDate DATETIME ,No db found
StagingToEDW_FactGLBalancePlanAllocation,spMISC_BatchLoad_StagingToEDW_FactGLBalancePlanAllocation,DECLARE @BatchByFiscalPeriodNumber TABLE,No db found
StagingToEDW_FactGLBalancePlanAllocation,spMISC_BatchLoad_StagingToEDW_FactGLBalancePlanAllocation,FROM GL_Staging.dbo.vGLBalances,GL_Staging
StagingToEDW_FactGLBalancePlanAllocation,spMISC_BatchLoad_StagingToEDW_FactGLBalancePlanAllocation,JOIN BING_EDW.dbo.DimDataScenario AS dm_ds ON dm_ds.GLActualFlag ,BING_EDW
StagingToEDW_FactGLBalancePlanAllocation,spMISC_BatchLoad_StagingToEDW_FactGLBalancePlanAllocation,FROM BING_EDW.dbo.vDimFiscalWeek AS dm_dt,BING_EDW
StagingToEDW_FactGLBalancePlanAllocation,spMISC_BatchLoad_StagingToEDW_FactGLBalancePlanAllocation,JOIN GL_Staging.dbo.vGLBalances,GL_Staging
StagingToEDW_FactGLBalancePlanAllocation,spMISC_BatchLoad_StagingToEDW_FactGLBalancePlanAllocation,JOIN [dbo].[WeeklyPlanAllocationCurrent],[dbo]
StagingToEDW_FactGLBalancePlanAllocation,spMISC_BatchLoad_StagingToEDW_FactGLBalancePlanAllocation,DECLARE csr_fact_glbal_plan_alloc_fisc_weekend CURSOR,No db found
StagingToEDW_FactGLBalancePlanAllocation,spMISC_BatchLoad_StagingToEDW_FactGLBalancePlanAllocation,FROM csr_fact_glbal_plan_alloc_fisc_weekend INTO @FiscalPeriodNumber,No db found
StagingToEDW_FactGLBalancePlanAllocation,spMISC_BatchLoad_StagingToEDW_FactGLBalancePlanAllocation,from all the batch loads for this table,No db found
StagingToEDW_FactGLBalancePlanAllocation,spMISC_BatchLoad_StagingToEDW_FactGLBalancePlanAllocation,FROM BING_EDW.dbo.EDWBatchLoadLog,BING_EDW
StagingToEDW_FactGLBalancePlanAllocation,spMISC_BatchLoad_StagingToEDW_FactGLBalancePlanAllocation,UPDATE [BING_EDW].[dbo].[EDWBatchOverride],[BING_EDW]
StagingToEDW_FactGLBalancePlanAllocation,spMISC_BatchLoad_StagingToEDW_FactGLBalancePlanAllocation,DECLARE @ErrMsg NVARCHAR,No db found
StagingToEDW_FactLaborHourAcquired,spMISC_StagingToEDW_FactLaborHourACQ,from staging table,No db found
StagingToEDW_FactLaborHourAcquired,spMISC_StagingToEDW_FactLaborHourACQ,DECLARE @ProcName NVARCHAR,No db found
StagingToEDW_FactLaborHourAcquired,spMISC_StagingToEDW_FactLaborHourACQ,DECLARE @DebugMsg NVARCHAR,No db found
StagingToEDW_FactLaborHourAcquired,spMISC_StagingToEDW_FactLaborHourACQ,DECLARE @TaskName NVARCHAR,No db found
StagingToEDW_FactLaborHourAcquired,spMISC_StagingToEDW_FactLaborHourACQ,DECLARE @AuditId BIGINT,No db found
StagingToEDW_FactLaborHourAcquired,spMISC_StagingToEDW_FactLaborHourACQ,DECLARE @RowCount INT,No db found
StagingToEDW_FactLaborHourAcquired,spMISC_StagingToEDW_FactLaborHourACQ,DECLARE @Error INT,No db found
StagingToEDW_FactLaborHourAcquired,spMISC_StagingToEDW_FactLaborHourACQ,DECLARE @SourceCount INT,No db found
StagingToEDW_FactLaborHourAcquired,spMISC_StagingToEDW_FactLaborHourACQ,DECLARE @InsertCount INT,No db found
StagingToEDW_FactLaborHourAcquired,spMISC_StagingToEDW_FactLaborHourACQ,DECLARE @UpdateCount INT,No db found
StagingToEDW_FactLaborHourAcquired,spMISC_StagingToEDW_FactLaborHourACQ,DECLARE @DeleteCount INT,No db found
StagingToEDW_FactLaborHourAcquired,spMISC_StagingToEDW_FactLaborHourACQ,DECLARE @LastProcessedDate DATETIME,No db found
StagingToEDW_FactLaborHourAcquired,spMISC_StagingToEDW_FactLaborHourACQ,FROM MISC_Staging..EDWETLBatchControl,MISC_Staging
StagingToEDW_FactLaborHourAcquired,spMISC_StagingToEDW_FactLaborHourACQ,from Source,No db found
StagingToEDW_FactLaborHourAcquired,spMISC_StagingToEDW_FactLaborHourACQ,FROM AcquiredDollarandStats stg,No db found
StagingToEDW_FactLaborHourAcquired,spMISC_StagingToEDW_FactLaborHourACQ,JOIN BING_EDW.dbo.DimDate dd,BING_EDW
StagingToEDW_FactLaborHourAcquired,spMISC_StagingToEDW_FactLaborHourACQ,JOIN BING_EDW.dbo.DimOrganization do,BING_EDW
StagingToEDW_FactLaborHourAcquired,spMISC_StagingToEDW_FactLaborHourACQ,JOIN BING_EDW.dbo.DimCostCenter dc,BING_EDW
StagingToEDW_FactLaborHourAcquired,spMISC_StagingToEDW_FactLaborHourACQ,JOIN BING_EDW.dbo.DimAccountSubaccount da ,BING_EDW
StagingToEDW_FactLaborHourAcquired,spMISC_StagingToEDW_FactLaborHourACQ,from Source.,Source
StagingToEDW_FactLaborHourAcquired,spMISC_StagingToEDW_FactLaborHourACQ,FROM BING_EDW.dbo.FactLaborHour T,BING_EDW
StagingToEDW_FactLaborHourAcquired,spMISC_StagingToEDW_FactLaborHourACQ,JOIN ,No db found
StagingToEDW_FactLaborHourAcquired,spMISC_StagingToEDW_FactLaborHourACQ,from Target.,Target
StagingToEDW_FactLaborHourAcquired,spMISC_StagingToEDW_FactLaborHourACQ,INSERT INTO BING_EDW.dbo.FactLaborHour,BING_EDW
StagingToEDW_FactLaborHourAcquired,spMISC_StagingToEDW_FactLaborHourACQ,DECLARE @ErrMsg NVARCHAR,No db found
StagingToEDW_FactLaborHourActual,spMISC_BatchLoad_StagingToEDW_FactLaborHourActual,from Staging to BING_EDW,No db found
StagingToEDW_FactLaborHourActual,spMISC_BatchLoad_StagingToEDW_FactLaborHourActual,from today in the fact and reload. So changed that to load any data that has changed in staging,reload
StagingToEDW_FactLaborHourActual,spMISC_BatchLoad_StagingToEDW_FactLaborHourActual,DECLARE @ProcName NVARCHAR,No db found
StagingToEDW_FactLaborHourActual,spMISC_BatchLoad_StagingToEDW_FactLaborHourActual,DECLARE @DebugMsg NVARCHAR,No db found
StagingToEDW_FactLaborHourActual,spMISC_BatchLoad_StagingToEDW_FactLaborHourActual,DECLARE @TaskName VARCHAR,No db found
StagingToEDW_FactLaborHourActual,spMISC_BatchLoad_StagingToEDW_FactLaborHourActual,DECLARE @SourceName SYSNAME ,No db found
StagingToEDW_FactLaborHourActual,spMISC_BatchLoad_StagingToEDW_FactLaborHourActual,DECLARE @IsOverrideBatch BIT,No db found
StagingToEDW_FactLaborHourActual,spMISC_BatchLoad_StagingToEDW_FactLaborHourActual,DECLARE @RefDate DATE,No db found
StagingToEDW_FactLaborHourActual,spMISC_BatchLoad_StagingToEDW_FactLaborHourActual,DECLARE @RowCount INT,No db found
StagingToEDW_FactLaborHourActual,spMISC_BatchLoad_StagingToEDW_FactLaborHourActual,DECLARE @Error INT,No db found
StagingToEDW_FactLaborHourActual,spMISC_BatchLoad_StagingToEDW_FactLaborHourActual,DECLARE @AuditId BIGINT,No db found
StagingToEDW_FactLaborHourActual,spMISC_BatchLoad_StagingToEDW_FactLaborHourActual,DECLARE @FiscalWeekEndDate DATE,No db found
StagingToEDW_FactLaborHourActual,spMISC_BatchLoad_StagingToEDW_FactLaborHourActual,DECLARE @SourceCount INT,No db found
StagingToEDW_FactLaborHourActual,spMISC_BatchLoad_StagingToEDW_FactLaborHourActual,DECLARE @InsertCount INT,No db found
StagingToEDW_FactLaborHourActual,spMISC_BatchLoad_StagingToEDW_FactLaborHourActual,DECLARE @UpdateCount INT,No db found
StagingToEDW_FactLaborHourActual,spMISC_BatchLoad_StagingToEDW_FactLaborHourActual,DECLARE @DeleteCount INT,No db found
StagingToEDW_FactLaborHourActual,spMISC_BatchLoad_StagingToEDW_FactLaborHourActual,DECLARE @LastProcessedDate DATE,No db found
StagingToEDW_FactLaborHourActual,spMISC_BatchLoad_StagingToEDW_FactLaborHourActual,FROM [MISC_Staging].[dbo].[EDWETLBatchControl] ,[MISC_Staging]
StagingToEDW_FactLaborHourActual,spMISC_BatchLoad_StagingToEDW_FactLaborHourActual,FROM dbo.vLaborHoursActuals ,dbo
StagingToEDW_FactLaborHourActual,spMISC_BatchLoad_StagingToEDW_FactLaborHourActual,DECLARE @BatchByFiscalWeekEndDate TABLE,No db found
StagingToEDW_FactLaborHourActual,spMISC_BatchLoad_StagingToEDW_FactLaborHourActual,DECLARE @SourceFiscalDate TABLE,No db found
StagingToEDW_FactLaborHourActual,spMISC_BatchLoad_StagingToEDW_FactLaborHourActual,from filw,No db found
StagingToEDW_FactLaborHourActual,spMISC_BatchLoad_StagingToEDW_FactLaborHourActual,INSERT INTO @SourceFiscalDate,No db found
StagingToEDW_FactLaborHourActual,spMISC_BatchLoad_StagingToEDW_FactLaborHourActual,FROM dbo.vLaborHoursActuals,dbo
StagingToEDW_FactLaborHourActual,spMISC_BatchLoad_StagingToEDW_FactLaborHourActual,FROM BING_EDW.dbo.DimDate,BING_EDW
StagingToEDW_FactLaborHourActual,spMISC_BatchLoad_StagingToEDW_FactLaborHourActual,JOIN ,No db found
StagingToEDW_FactLaborHourActual,spMISC_BatchLoad_StagingToEDW_FactLaborHourActual,from file,No db found
StagingToEDW_FactLaborHourActual,spMISC_BatchLoad_StagingToEDW_FactLaborHourActual,DECLARE csr_fact_laborhour_fisc_weekend CURSOR,No db found
StagingToEDW_FactLaborHourActual,spMISC_BatchLoad_StagingToEDW_FactLaborHourActual,FROM csr_fact_laborhour_fisc_weekend INTO @FiscalWeekEndDate,No db found
StagingToEDW_FactLaborHourActual,spMISC_BatchLoad_StagingToEDW_FactLaborHourActual,Update the missing paycode,No db found
StagingToEDW_FactLaborHourActual,spMISC_BatchLoad_StagingToEDW_FactLaborHourActual,from all the batch loads for this table,No db found
StagingToEDW_FactLaborHourActual,spMISC_BatchLoad_StagingToEDW_FactLaborHourActual,FROM BING_EDW.dbo.EDWBatchLoadLog,BING_EDW
StagingToEDW_FactLaborHourActual,spMISC_BatchLoad_StagingToEDW_FactLaborHourActual,UPDATE [BING_EDW].[dbo].[EDWBatchOverride],[BING_EDW]
StagingToEDW_FactLaborHourActual,spMISC_BatchLoad_StagingToEDW_FactLaborHourActual,DECLARE @ErrMsg NVARCHAR,No db found
StagingToEDW_FactLaborHourTarget,spMISC_BatchLoad_StagingToEDW_FactLaborHourTarget,from Staging to BING_EDW,No db found
StagingToEDW_FactLaborHourTarget,spMISC_BatchLoad_StagingToEDW_FactLaborHourTarget,from the LastProcessedDate,No db found
StagingToEDW_FactLaborHourTarget,spMISC_BatchLoad_StagingToEDW_FactLaborHourTarget,DECLARE @ProcName NVARCHAR,No db found
StagingToEDW_FactLaborHourTarget,spMISC_BatchLoad_StagingToEDW_FactLaborHourTarget,DECLARE @DebugMsg NVARCHAR,No db found
StagingToEDW_FactLaborHourTarget,spMISC_BatchLoad_StagingToEDW_FactLaborHourTarget,DECLARE @TaskName VARCHAR,No db found
StagingToEDW_FactLaborHourTarget,spMISC_BatchLoad_StagingToEDW_FactLaborHourTarget,DECLARE @SourceName SYSNAME ,No db found
StagingToEDW_FactLaborHourTarget,spMISC_BatchLoad_StagingToEDW_FactLaborHourTarget,DECLARE @IsOverrideBatch BIT,No db found
StagingToEDW_FactLaborHourTarget,spMISC_BatchLoad_StagingToEDW_FactLaborHourTarget,DECLARE @RowCount INT,No db found
StagingToEDW_FactLaborHourTarget,spMISC_BatchLoad_StagingToEDW_FactLaborHourTarget,DECLARE @Error INT,No db found
StagingToEDW_FactLaborHourTarget,spMISC_BatchLoad_StagingToEDW_FactLaborHourTarget,DECLARE @AuditId BIGINT,No db found
StagingToEDW_FactLaborHourTarget,spMISC_BatchLoad_StagingToEDW_FactLaborHourTarget,DECLARE @FiscalWeekEndDate DATE,No db found
StagingToEDW_FactLaborHourTarget,spMISC_BatchLoad_StagingToEDW_FactLaborHourTarget,DECLARE @SourceCount INT,No db found
StagingToEDW_FactLaborHourTarget,spMISC_BatchLoad_StagingToEDW_FactLaborHourTarget,DECLARE @InsertCount INT,No db found
StagingToEDW_FactLaborHourTarget,spMISC_BatchLoad_StagingToEDW_FactLaborHourTarget,DECLARE @UpdateCount INT,No db found
StagingToEDW_FactLaborHourTarget,spMISC_BatchLoad_StagingToEDW_FactLaborHourTarget,DECLARE @DeleteCount INT,No db found
StagingToEDW_FactLaborHourTarget,spMISC_BatchLoad_StagingToEDW_FactLaborHourTarget,DECLARE @LastProcessedDate DATE,No db found
StagingToEDW_FactLaborHourTarget,spMISC_BatchLoad_StagingToEDW_FactLaborHourTarget,FROM [MISC_Staging].[dbo].[EDWETLBatchControl] ,[MISC_Staging]
StagingToEDW_FactLaborHourTarget,spMISC_BatchLoad_StagingToEDW_FactLaborHourTarget,DECLARE @BatchByFiscalWeekEndDate TABLE,No db found
StagingToEDW_FactLaborHourTarget,spMISC_BatchLoad_StagingToEDW_FactLaborHourTarget,DECLARE @SourceFiscalDate TABLE,No db found
StagingToEDW_FactLaborHourTarget,spMISC_BatchLoad_StagingToEDW_FactLaborHourTarget,INSERT INTO @SourceFiscalDate,No db found
StagingToEDW_FactLaborHourTarget,spMISC_BatchLoad_StagingToEDW_FactLaborHourTarget,FROM dbo.vLaborHoursTarget,dbo
StagingToEDW_FactLaborHourTarget,spMISC_BatchLoad_StagingToEDW_FactLaborHourTarget,FROM BING_EDW.dbo.DimDate,BING_EDW
StagingToEDW_FactLaborHourTarget,spMISC_BatchLoad_StagingToEDW_FactLaborHourTarget,JOIN ,No db found
StagingToEDW_FactLaborHourTarget,spMISC_BatchLoad_StagingToEDW_FactLaborHourTarget,DECLARE csr_fact_laborhour_fisc_weekend CURSOR,No db found
StagingToEDW_FactLaborHourTarget,spMISC_BatchLoad_StagingToEDW_FactLaborHourTarget,FROM csr_fact_laborhour_fisc_weekend INTO @FiscalWeekEndDate,No db found
StagingToEDW_FactLaborHourTarget,spMISC_BatchLoad_StagingToEDW_FactLaborHourTarget,from all the batch loads for this table,No db found
StagingToEDW_FactLaborHourTarget,spMISC_BatchLoad_StagingToEDW_FactLaborHourTarget,FROM BING_EDW.dbo.EDWBatchLoadLog,BING_EDW
StagingToEDW_FactLaborHourTarget,spMISC_BatchLoad_StagingToEDW_FactLaborHourTarget,UPDATE [BING_EDW].[dbo].[EDWBatchOverride],[BING_EDW]
StagingToEDW_FactLaborHourTarget,spMISC_BatchLoad_StagingToEDW_FactLaborHourTarget,DECLARE @ErrMsg NVARCHAR,No db found
StagingToEDW_FactLaborHourTargetLegacy,spMISC_BatchLoad_StagingToEDW_FactLaborHourTargetLegacy,from the LastProcessedDate ,No db found
StagingToEDW_FactLaborHourTargetLegacy,spMISC_BatchLoad_StagingToEDW_FactLaborHourTargetLegacy,from Staging to BING_EDW,No db found
StagingToEDW_FactLaborHourTargetLegacy,spMISC_BatchLoad_StagingToEDW_FactLaborHourTargetLegacy,from the LastProcessedDate,No db found
StagingToEDW_FactLaborHourTargetLegacy,spMISC_BatchLoad_StagingToEDW_FactLaborHourTargetLegacy,DECLARE @ProcName NVARCHAR,No db found
StagingToEDW_FactLaborHourTargetLegacy,spMISC_BatchLoad_StagingToEDW_FactLaborHourTargetLegacy,DECLARE @DebugMsg NVARCHAR,No db found
StagingToEDW_FactLaborHourTargetLegacy,spMISC_BatchLoad_StagingToEDW_FactLaborHourTargetLegacy,DECLARE @TaskName VARCHAR,No db found
StagingToEDW_FactLaborHourTargetLegacy,spMISC_BatchLoad_StagingToEDW_FactLaborHourTargetLegacy,DECLARE @SourceName SYSNAME ,No db found
StagingToEDW_FactLaborHourTargetLegacy,spMISC_BatchLoad_StagingToEDW_FactLaborHourTargetLegacy,DECLARE @IsOverrideBatch BIT,No db found
StagingToEDW_FactLaborHourTargetLegacy,spMISC_BatchLoad_StagingToEDW_FactLaborHourTargetLegacy,DECLARE @RowCount INT,No db found
StagingToEDW_FactLaborHourTargetLegacy,spMISC_BatchLoad_StagingToEDW_FactLaborHourTargetLegacy,DECLARE @Error INT,No db found
StagingToEDW_FactLaborHourTargetLegacy,spMISC_BatchLoad_StagingToEDW_FactLaborHourTargetLegacy,DECLARE @AuditId BIGINT,No db found
StagingToEDW_FactLaborHourTargetLegacy,spMISC_BatchLoad_StagingToEDW_FactLaborHourTargetLegacy,DECLARE @FiscalWeekEndDate DATE,No db found
StagingToEDW_FactLaborHourTargetLegacy,spMISC_BatchLoad_StagingToEDW_FactLaborHourTargetLegacy,DECLARE @SourceCount INT,No db found
StagingToEDW_FactLaborHourTargetLegacy,spMISC_BatchLoad_StagingToEDW_FactLaborHourTargetLegacy,DECLARE @InsertCount INT,No db found
StagingToEDW_FactLaborHourTargetLegacy,spMISC_BatchLoad_StagingToEDW_FactLaborHourTargetLegacy,DECLARE @UpdateCount INT,No db found
StagingToEDW_FactLaborHourTargetLegacy,spMISC_BatchLoad_StagingToEDW_FactLaborHourTargetLegacy,DECLARE @DeleteCount INT,No db found
StagingToEDW_FactLaborHourTargetLegacy,spMISC_BatchLoad_StagingToEDW_FactLaborHourTargetLegacy,DECLARE @StartingFiscalWeekEndDate DATE,No db found
StagingToEDW_FactLaborHourTargetLegacy,spMISC_BatchLoad_StagingToEDW_FactLaborHourTargetLegacy,DECLARE @LastProcessedDate DATE,No db found
StagingToEDW_FactLaborHourTargetLegacy,spMISC_BatchLoad_StagingToEDW_FactLaborHourTargetLegacy,FROM [MISC_Staging].[dbo].[EDWETLBatchControl] ,[MISC_Staging]
StagingToEDW_FactLaborHourTargetLegacy,spMISC_BatchLoad_StagingToEDW_FactLaborHourTargetLegacy,FROM BING_EDW.dbo.DimDate D,BING_EDW
StagingToEDW_FactLaborHourTargetLegacy,spMISC_BatchLoad_StagingToEDW_FactLaborHourTargetLegacy,from whatever the @LastProcessedDate is [SB ,No db found
StagingToEDW_FactLaborHourTargetLegacy,spMISC_BatchLoad_StagingToEDW_FactLaborHourTargetLegacy,DECLARE @BatchByFiscalWeekEndDate TABLE,No db found
StagingToEDW_FactLaborHourTargetLegacy,spMISC_BatchLoad_StagingToEDW_FactLaborHourTargetLegacy,DECLARE @LegacyDwStartDate DATE,No db found
StagingToEDW_FactLaborHourTargetLegacy,spMISC_BatchLoad_StagingToEDW_FactLaborHourTargetLegacy,FROM dbo.vLegacyLaborHoursTarget,dbo
StagingToEDW_FactLaborHourTargetLegacy,spMISC_BatchLoad_StagingToEDW_FactLaborHourTargetLegacy,FROM BING_EDW.dbo.DimDate ,BING_EDW
StagingToEDW_FactLaborHourTargetLegacy,spMISC_BatchLoad_StagingToEDW_FactLaborHourTargetLegacy,DECLARE csr_fact_laborhour_fisc_weekend CURSOR,No db found
StagingToEDW_FactLaborHourTargetLegacy,spMISC_BatchLoad_StagingToEDW_FactLaborHourTargetLegacy,FROM csr_fact_laborhour_fisc_weekend INTO @FiscalWeekEndDate,No db found
StagingToEDW_FactLaborHourTargetLegacy,spMISC_BatchLoad_StagingToEDW_FactLaborHourTargetLegacy,from all the batch loads for this table,No db found
StagingToEDW_FactLaborHourTargetLegacy,spMISC_BatchLoad_StagingToEDW_FactLaborHourTargetLegacy,FROM BING_EDW.dbo.EDWBatchLoadLog,BING_EDW
StagingToEDW_FactLaborHourTargetLegacy,spMISC_BatchLoad_StagingToEDW_FactLaborHourTargetLegacy,UPDATE [BING_EDW].[dbo].[EDWBatchOverride],[BING_EDW]
StagingToEDW_FactLaborHourTargetLegacy,spMISC_BatchLoad_StagingToEDW_FactLaborHourTargetLegacy,DECLARE @ErrMsg NVARCHAR,No db found
StagingToEDW_FactLaborHourTargetPRO,spCambridge_BatchLoad_StagingToEDW_FactLaborHourTarget,from Staging to BING_EDW,No db found
StagingToEDW_FactLaborHourTargetPRO,spCambridge_BatchLoad_StagingToEDW_FactLaborHourTarget,from the LastProcessedDate,No db found
StagingToEDW_FactLaborHourTargetPRO,spCambridge_BatchLoad_StagingToEDW_FactLaborHourTarget,DECLARE @ProcName NVARCHAR,No db found
StagingToEDW_FactLaborHourTargetPRO,spCambridge_BatchLoad_StagingToEDW_FactLaborHourTarget,DECLARE @DebugMsg NVARCHAR,No db found
StagingToEDW_FactLaborHourTargetPRO,spCambridge_BatchLoad_StagingToEDW_FactLaborHourTarget,DECLARE @TaskName VARCHAR,No db found
StagingToEDW_FactLaborHourTargetPRO,spCambridge_BatchLoad_StagingToEDW_FactLaborHourTarget,DECLARE @SourceName SYSNAME ,No db found
StagingToEDW_FactLaborHourTargetPRO,spCambridge_BatchLoad_StagingToEDW_FactLaborHourTarget,DECLARE @IsOverrideBatch BIT,No db found
StagingToEDW_FactLaborHourTargetPRO,spCambridge_BatchLoad_StagingToEDW_FactLaborHourTarget,DECLARE @RowCount INT,No db found
StagingToEDW_FactLaborHourTargetPRO,spCambridge_BatchLoad_StagingToEDW_FactLaborHourTarget,DECLARE @Error INT,No db found
StagingToEDW_FactLaborHourTargetPRO,spCambridge_BatchLoad_StagingToEDW_FactLaborHourTarget,DECLARE @AuditId BIGINT,No db found
StagingToEDW_FactLaborHourTargetPRO,spCambridge_BatchLoad_StagingToEDW_FactLaborHourTarget,DECLARE @FiscalWeekEndDate DATE,No db found
StagingToEDW_FactLaborHourTargetPRO,spCambridge_BatchLoad_StagingToEDW_FactLaborHourTarget,DECLARE @SourceCount INT,No db found
StagingToEDW_FactLaborHourTargetPRO,spCambridge_BatchLoad_StagingToEDW_FactLaborHourTarget,DECLARE @InsertCount INT,No db found
StagingToEDW_FactLaborHourTargetPRO,spCambridge_BatchLoad_StagingToEDW_FactLaborHourTarget,DECLARE @UpdateCount INT,No db found
StagingToEDW_FactLaborHourTargetPRO,spCambridge_BatchLoad_StagingToEDW_FactLaborHourTarget,DECLARE @DeleteCount INT,No db found
StagingToEDW_FactLaborHourTargetPRO,spCambridge_BatchLoad_StagingToEDW_FactLaborHourTarget,DECLARE @LastProcessedDate DATE,No db found
StagingToEDW_FactLaborHourTargetPRO,spCambridge_BatchLoad_StagingToEDW_FactLaborHourTarget,FROM dbo.EDWETLBatchControl,dbo
StagingToEDW_FactLaborHourTargetPRO,spCambridge_BatchLoad_StagingToEDW_FactLaborHourTarget,DECLARE @BatchByFiscalWeekEndDate TABLE,No db found
StagingToEDW_FactLaborHourTargetPRO,spCambridge_BatchLoad_StagingToEDW_FactLaborHourTarget,DECLARE @SourceFiscalDate TABLE,No db found
StagingToEDW_FactLaborHourTargetPRO,spCambridge_BatchLoad_StagingToEDW_FactLaborHourTarget,INSERT INTO @SourceFiscalDate,No db found
StagingToEDW_FactLaborHourTargetPRO,spCambridge_BatchLoad_StagingToEDW_FactLaborHourTarget,FROM dbo.vLaborHoursTarget,dbo
StagingToEDW_FactLaborHourTargetPRO,spCambridge_BatchLoad_StagingToEDW_FactLaborHourTarget,FROM BING_EDW.dbo.DimDate,BING_EDW
StagingToEDW_FactLaborHourTargetPRO,spCambridge_BatchLoad_StagingToEDW_FactLaborHourTarget,JOIN ,No db found
StagingToEDW_FactLaborHourTargetPRO,spCambridge_BatchLoad_StagingToEDW_FactLaborHourTarget,DECLARE csr_fact_laborhour_fisc_weekend CURSOR,No db found
StagingToEDW_FactLaborHourTargetPRO,spCambridge_BatchLoad_StagingToEDW_FactLaborHourTarget,FROM csr_fact_laborhour_fisc_weekend INTO @FiscalWeekEndDate,No db found
StagingToEDW_FactLaborHourTargetPRO,spCambridge_BatchLoad_StagingToEDW_FactLaborHourTarget,from all the batch loads for this table,No db found
StagingToEDW_FactLaborHourTargetPRO,spCambridge_BatchLoad_StagingToEDW_FactLaborHourTarget,FROM BING_EDW.dbo.EDWBatchLoadLog,BING_EDW
StagingToEDW_FactLaborHourTargetPRO,spCambridge_BatchLoad_StagingToEDW_FactLaborHourTarget,UPDATE [BING_EDW].[dbo].[EDWBatchOverride],[BING_EDW]
StagingToEDW_FactLaborHourTargetPRO,spCambridge_BatchLoad_StagingToEDW_FactLaborHourTarget,DECLARE @ErrMsg NVARCHAR,No db found
StagingToEDW_FactLaborSalary,spMISC_BatchLoad_StagingToEDW_FactLaborSalary,from Staging to BING_EDW,No db found
StagingToEDW_FactLaborSalary,spMISC_BatchLoad_StagingToEDW_FactLaborSalary,from the LastProcessedDate,No db found
StagingToEDW_FactLaborSalary,spMISC_BatchLoad_StagingToEDW_FactLaborSalary,DECLARE @ProcName NVARCHAR,No db found
StagingToEDW_FactLaborSalary,spMISC_BatchLoad_StagingToEDW_FactLaborSalary,DECLARE @DebugMsg NVARCHAR,No db found
StagingToEDW_FactLaborSalary,spMISC_BatchLoad_StagingToEDW_FactLaborSalary,DECLARE @TaskName VARCHAR,No db found
StagingToEDW_FactLaborSalary,spMISC_BatchLoad_StagingToEDW_FactLaborSalary,DECLARE @SourceName SYSNAME ,No db found
StagingToEDW_FactLaborSalary,spMISC_BatchLoad_StagingToEDW_FactLaborSalary,DECLARE @IsOverrideBatch BIT,No db found
StagingToEDW_FactLaborSalary,spMISC_BatchLoad_StagingToEDW_FactLaborSalary,DECLARE @RowCount INT,No db found
StagingToEDW_FactLaborSalary,spMISC_BatchLoad_StagingToEDW_FactLaborSalary,DECLARE @Error INT,No db found
StagingToEDW_FactLaborSalary,spMISC_BatchLoad_StagingToEDW_FactLaborSalary,DECLARE @AuditId BIGINT,No db found
StagingToEDW_FactLaborSalary,spMISC_BatchLoad_StagingToEDW_FactLaborSalary,DECLARE @PayRollDate DATE,No db found
StagingToEDW_FactLaborSalary,spMISC_BatchLoad_StagingToEDW_FactLaborSalary,DECLARE @SourceCount INT,No db found
StagingToEDW_FactLaborSalary,spMISC_BatchLoad_StagingToEDW_FactLaborSalary,DECLARE @InsertCount INT,No db found
StagingToEDW_FactLaborSalary,spMISC_BatchLoad_StagingToEDW_FactLaborSalary,DECLARE @UpdateCount INT,No db found
StagingToEDW_FactLaborSalary,spMISC_BatchLoad_StagingToEDW_FactLaborSalary,DECLARE @DeleteCount INT,No db found
StagingToEDW_FactLaborSalary,spMISC_BatchLoad_StagingToEDW_FactLaborSalary,DECLARE @LastProcessedDate DATE,No db found
StagingToEDW_FactLaborSalary,spMISC_BatchLoad_StagingToEDW_FactLaborSalary,FROM [MISC_Staging].[dbo].[EDWETLBatchControl] ,[MISC_Staging]
StagingToEDW_FactLaborSalary,spMISC_BatchLoad_StagingToEDW_FactLaborSalary,DECLARE @BatchByPayRollDate TABLE,No db found
StagingToEDW_FactLaborSalary,spMISC_BatchLoad_StagingToEDW_FactLaborSalary,DECLARE @SourceFiscalDate TABLE,No db found
StagingToEDW_FactLaborSalary,spMISC_BatchLoad_StagingToEDW_FactLaborSalary,INSERT INTO @SourceFiscalDate,No db found
StagingToEDW_FactLaborSalary,spMISC_BatchLoad_StagingToEDW_FactLaborSalary,FROM dbo.vLaborHoursCosting,dbo
StagingToEDW_FactLaborSalary,spMISC_BatchLoad_StagingToEDW_FactLaborSalary,FROM BING_EDW.dbo.DimDate,BING_EDW
StagingToEDW_FactLaborSalary,spMISC_BatchLoad_StagingToEDW_FactLaborSalary,JOIN ,No db found
StagingToEDW_FactLaborSalary,spMISC_BatchLoad_StagingToEDW_FactLaborSalary,DECLARE csr_fact_laborhour_fisc_weekend CURSOR,No db found
StagingToEDW_FactLaborSalary,spMISC_BatchLoad_StagingToEDW_FactLaborSalary,FROM csr_fact_laborhour_fisc_weekend INTO @PayRollDate,No db found
StagingToEDW_FactLaborSalary,spMISC_BatchLoad_StagingToEDW_FactLaborSalary,from all the batch loads for this table,No db found
StagingToEDW_FactLaborSalary,spMISC_BatchLoad_StagingToEDW_FactLaborSalary,FROM BING_EDW.dbo.EDWBatchLoadLog,BING_EDW
StagingToEDW_FactLaborSalary,spMISC_BatchLoad_StagingToEDW_FactLaborSalary,UPDATE [BING_EDW].[dbo].[EDWBatchOverride],[BING_EDW]
StagingToEDW_FactLaborSalary,spMISC_BatchLoad_StagingToEDW_FactLaborSalary,DECLARE @ErrMsg NVARCHAR,No db found
StagingToEDW_FactLeadEvent,spSalesForce_StagingToEDW_FactLeadEvent,FROM sys.objects,sys
StagingToEDW_FactLeadEvent,spSalesForce_StagingToEDW_FactLeadEvent,from Staging to BING_EDW.,BING_EDW
StagingToEDW_FactLeadEvent,spSalesForce_StagingToEDW_FactLeadEvent,from Source by calling,No db found
StagingToEDW_FactLeadEvent,spSalesForce_StagingToEDW_FactLeadEvent,from source,No db found
StagingToEDW_FactLeadEvent,spSalesForce_StagingToEDW_FactLeadEvent,from update logic ,No db found
StagingToEDW_FactLeadEvent,spSalesForce_StagingToEDW_FactLeadEvent,DECLARE @ProcName NVARCHAR,No db found
StagingToEDW_FactLeadEvent,spSalesForce_StagingToEDW_FactLeadEvent,DECLARE @DebugMsg NVARCHAR,No db found
StagingToEDW_FactLeadEvent,spSalesForce_StagingToEDW_FactLeadEvent,DECLARE @SourceName VARCHAR,No db found
StagingToEDW_FactLeadEvent,spSalesForce_StagingToEDW_FactLeadEvent,DECLARE @AuditId BIGINT,No db found
StagingToEDW_FactLeadEvent,spSalesForce_StagingToEDW_FactLeadEvent,DECLARE @RowCount INT,No db found
StagingToEDW_FactLeadEvent,spSalesForce_StagingToEDW_FactLeadEvent,DECLARE @Error INT,No db found
StagingToEDW_FactLeadEvent,spSalesForce_StagingToEDW_FactLeadEvent,DECLARE @SourceCount INT,No db found
StagingToEDW_FactLeadEvent,spSalesForce_StagingToEDW_FactLeadEvent,DECLARE @InsertCount INT,No db found
StagingToEDW_FactLeadEvent,spSalesForce_StagingToEDW_FactLeadEvent,DECLARE @UpdateCount INT,No db found
StagingToEDW_FactLeadEvent,spSalesForce_StagingToEDW_FactLeadEvent,DECLARE @DeleteCount INT,No db found
StagingToEDW_FactLeadEvent,spSalesForce_StagingToEDW_FactLeadEvent,DECLARE @tblMergeActions TABLE,No db found
StagingToEDW_FactLeadEvent,spSalesForce_StagingToEDW_FactLeadEvent,DECLARE @tblDeleteActions TABLE,No db found
StagingToEDW_FactLeadEvent,spSalesForce_StagingToEDW_FactLeadEvent,FROM Source,No db found
StagingToEDW_FactLeadEvent,spSalesForce_StagingToEDW_FactLeadEvent,FROM source ,No db found
StagingToEDW_FactLeadEvent,spSalesForce_StagingToEDW_FactLeadEvent,FROM Source.,Source
StagingToEDW_FactLeadEvent,spSalesForce_StagingToEDW_FactLeadEvent,FROM CTE A,No db found
StagingToEDW_FactLeadEvent,spSalesForce_StagingToEDW_FactLeadEvent,JOIN ,No db found
StagingToEDW_FactLeadEvent,spSalesForce_StagingToEDW_FactLeadEvent,UPDATE SET,No db found
StagingToEDW_FactLeadEvent,spSalesForce_StagingToEDW_FactLeadEvent,"FROM
             ",No db found
StagingToEDW_FactLeadEvent,spSalesForce_StagingToEDW_FactLeadEvent,FROM @tblMergeActions,No db found
StagingToEDW_FactLeadEvent,spSalesForce_StagingToEDW_FactLeadEvent,FROM BING_EDW.dbo.FactLeadEvent WHERE LeadEventTypeKey,BING_EDW
StagingToEDW_FactLeadEvent,spSalesForce_StagingToEDW_FactLeadEvent,FROM vLeadEvent WHERE LeadEventTypeKey ,No db found
StagingToEDW_FactLeadEvent,spSalesForce_StagingToEDW_FactLeadEvent,UPDATE FLE ,No db found
StagingToEDW_FactLeadEvent,spSalesForce_StagingToEDW_FactLeadEvent,FROM BING_EDW.dbo.FactLeadEvent WHERE LeadKey,BING_EDW
StagingToEDW_FactLeadEvent,spSalesForce_StagingToEDW_FactLeadEvent,JOIN BING_EDW.dbo.DimLead LE ON LE.LeadKey ,BING_EDW
StagingToEDW_FactLeadEvent,spSalesForce_StagingToEDW_FactLeadEvent,DECLARE @ErrMsg NVARCHAR,No db found
StagingToEDW_FactLeadPipeline,spSalesForce_StagingToEDW_FactLeadPipeline,from Staging to BING_EDW.,BING_EDW
StagingToEDW_FactLeadPipeline,spSalesForce_StagingToEDW_FactLeadPipeline,from Source by calling,No db found
StagingToEDW_FactLeadPipeline,spSalesForce_StagingToEDW_FactLeadPipeline,from source,No db found
StagingToEDW_FactLeadPipeline,spSalesForce_StagingToEDW_FactLeadPipeline,DECLARE @ProcName NVARCHAR,No db found
StagingToEDW_FactLeadPipeline,spSalesForce_StagingToEDW_FactLeadPipeline,DECLARE @DebugMsg NVARCHAR,No db found
StagingToEDW_FactLeadPipeline,spSalesForce_StagingToEDW_FactLeadPipeline,DECLARE @SourceName VARCHAR,No db found
StagingToEDW_FactLeadPipeline,spSalesForce_StagingToEDW_FactLeadPipeline,DECLARE @AuditId BIGINT,No db found
StagingToEDW_FactLeadPipeline,spSalesForce_StagingToEDW_FactLeadPipeline,DECLARE @RowCount INT,No db found
StagingToEDW_FactLeadPipeline,spSalesForce_StagingToEDW_FactLeadPipeline,DECLARE @Error INT,No db found
StagingToEDW_FactLeadPipeline,spSalesForce_StagingToEDW_FactLeadPipeline,DECLARE @SourceCount INT,No db found
StagingToEDW_FactLeadPipeline,spSalesForce_StagingToEDW_FactLeadPipeline,DECLARE @InsertCount INT,No db found
StagingToEDW_FactLeadPipeline,spSalesForce_StagingToEDW_FactLeadPipeline,DECLARE @UpdateCount INT,No db found
StagingToEDW_FactLeadPipeline,spSalesForce_StagingToEDW_FactLeadPipeline,DECLARE @DeleteCount INT,No db found
StagingToEDW_FactLeadPipeline,spSalesForce_StagingToEDW_FactLeadPipeline,DECLARE @tblMergeActions TABLE,No db found
StagingToEDW_FactLeadPipeline,spSalesForce_StagingToEDW_FactLeadPipeline,DECLARE @tblDeleteActions TABLE,No db found
StagingToEDW_FactLeadPipeline,spSalesForce_StagingToEDW_FactLeadPipeline,FROM Source,No db found
StagingToEDW_FactLeadPipeline,spSalesForce_StagingToEDW_FactLeadPipeline,from source ,No db found
StagingToEDW_FactLeadPipeline,spSalesForce_StagingToEDW_FactLeadPipeline,from Source.,Source
StagingToEDW_FactLeadPipeline,spSalesForce_StagingToEDW_FactLeadPipeline,UPDATE SET,No db found
StagingToEDW_FactLeadPipeline,spSalesForce_StagingToEDW_FactLeadPipeline,"FROM
             ",No db found
StagingToEDW_FactLeadPipeline,spSalesForce_StagingToEDW_FactLeadPipeline,FROM @tblMergeActions,No db found
StagingToEDW_FactLeadPipeline,spSalesForce_StagingToEDW_FactLeadPipeline,DECLARE @ErrMsg NVARCHAR,No db found
StagingToEDW_FactLifecycleStatusSnapshot,spCMS_BatchLoad_StagingToEDW_FactLifecycleStatusSnapshot,from Staging to BING_EDW,No db found
StagingToEDW_FactLifecycleStatusSnapshot,spCMS_BatchLoad_StagingToEDW_FactLifecycleStatusSnapshot,from the LastProcessedDate,No db found
StagingToEDW_FactLifecycleStatusSnapshot,spCMS_BatchLoad_StagingToEDW_FactLifecycleStatusSnapshot,DECLARE @ProcName NVARCHAR,No db found
StagingToEDW_FactLifecycleStatusSnapshot,spCMS_BatchLoad_StagingToEDW_FactLifecycleStatusSnapshot,DECLARE @DebugMsg NVARCHAR,No db found
StagingToEDW_FactLifecycleStatusSnapshot,spCMS_BatchLoad_StagingToEDW_FactLifecycleStatusSnapshot,DECLARE @TaskName VARCHAR,No db found
StagingToEDW_FactLifecycleStatusSnapshot,spCMS_BatchLoad_StagingToEDW_FactLifecycleStatusSnapshot,DECLARE @SourceName SYSNAME ,No db found
StagingToEDW_FactLifecycleStatusSnapshot,spCMS_BatchLoad_StagingToEDW_FactLifecycleStatusSnapshot,DECLARE @IsOverrideBatch BIT,No db found
StagingToEDW_FactLifecycleStatusSnapshot,spCMS_BatchLoad_StagingToEDW_FactLifecycleStatusSnapshot,DECLARE @RowCount INT,No db found
StagingToEDW_FactLifecycleStatusSnapshot,spCMS_BatchLoad_StagingToEDW_FactLifecycleStatusSnapshot,DECLARE @Error INT,No db found
StagingToEDW_FactLifecycleStatusSnapshot,spCMS_BatchLoad_StagingToEDW_FactLifecycleStatusSnapshot,DECLARE @AuditId BIGINT,No db found
StagingToEDW_FactLifecycleStatusSnapshot,spCMS_BatchLoad_StagingToEDW_FactLifecycleStatusSnapshot,DECLARE @FiscalWeekEndDate DATE,No db found
StagingToEDW_FactLifecycleStatusSnapshot,spCMS_BatchLoad_StagingToEDW_FactLifecycleStatusSnapshot,DECLARE @SourceCount INT,No db found
StagingToEDW_FactLifecycleStatusSnapshot,spCMS_BatchLoad_StagingToEDW_FactLifecycleStatusSnapshot,DECLARE @InsertCount INT,No db found
StagingToEDW_FactLifecycleStatusSnapshot,spCMS_BatchLoad_StagingToEDW_FactLifecycleStatusSnapshot,DECLARE @UpdateCount INT,No db found
StagingToEDW_FactLifecycleStatusSnapshot,spCMS_BatchLoad_StagingToEDW_FactLifecycleStatusSnapshot,DECLARE @DeleteCount INT,No db found
StagingToEDW_FactLifecycleStatusSnapshot,spCMS_BatchLoad_StagingToEDW_FactLifecycleStatusSnapshot,DECLARE @LastProcessedDate DATETIME,No db found
StagingToEDW_FactLifecycleStatusSnapshot,spCMS_BatchLoad_StagingToEDW_FactLifecycleStatusSnapshot,FROM [dbo].[EDWETLBatchControl] ,[dbo]
StagingToEDW_FactLifecycleStatusSnapshot,spCMS_BatchLoad_StagingToEDW_FactLifecycleStatusSnapshot,DECLARE @BatchByFiscalWeekEndDate TABLE,No db found
StagingToEDW_FactLifecycleStatusSnapshot,spCMS_BatchLoad_StagingToEDW_FactLifecycleStatusSnapshot,DECLARE @SourceFiscalDate TABLE,No db found
StagingToEDW_FactLifecycleStatusSnapshot,spCMS_BatchLoad_StagingToEDW_FactLifecycleStatusSnapshot,INSERT INTO @SourceFiscalDate,No db found
StagingToEDW_FactLifecycleStatusSnapshot,spCMS_BatchLoad_StagingToEDW_FactLifecycleStatusSnapshot,FROM dbo.LifecycleStatusSnapshot,dbo
StagingToEDW_FactLifecycleStatusSnapshot,spCMS_BatchLoad_StagingToEDW_FactLifecycleStatusSnapshot,INSERT INTO @BatchByFiscalWeekEndDate,No db found
StagingToEDW_FactLifecycleStatusSnapshot,spCMS_BatchLoad_StagingToEDW_FactLifecycleStatusSnapshot,FROM BING_EDW.dbo.DimDate,BING_EDW
StagingToEDW_FactLifecycleStatusSnapshot,spCMS_BatchLoad_StagingToEDW_FactLifecycleStatusSnapshot,JOIN ,No db found
StagingToEDW_FactLifecycleStatusSnapshot,spCMS_BatchLoad_StagingToEDW_FactLifecycleStatusSnapshot,DECLARE csr_fact_rabalance_fisc_weekend CURSOR,No db found
StagingToEDW_FactLifecycleStatusSnapshot,spCMS_BatchLoad_StagingToEDW_FactLifecycleStatusSnapshot,FROM csr_fact_rabalance_fisc_weekend INTO @FiscalWeekEndDate,No db found
StagingToEDW_FactLifecycleStatusSnapshot,spCMS_BatchLoad_StagingToEDW_FactLifecycleStatusSnapshot,from all the batch loads for this table,No db found
StagingToEDW_FactLifecycleStatusSnapshot,spCMS_BatchLoad_StagingToEDW_FactLifecycleStatusSnapshot,FROM BING_EDW.dbo.EDWBatchLoadLog,BING_EDW
StagingToEDW_FactLifecycleStatusSnapshot,spCMS_BatchLoad_StagingToEDW_FactLifecycleStatusSnapshot,UPDATE [BING_EDW].[dbo].[EDWBatchOverride],[BING_EDW]
StagingToEDW_FactLifecycleStatusSnapshot,spCMS_BatchLoad_StagingToEDW_FactLifecycleStatusSnapshot,DECLARE @ErrMsg NVARCHAR,No db found
StagingToEDW_FactNetRevenue,spCMS_BatchLoad_StagingToEDW_FactNetRevenue,from Staging to BING_EDW,No db found
StagingToEDW_FactNetRevenue,spCMS_BatchLoad_StagingToEDW_FactNetRevenue,from the LastProcessedDate,No db found
StagingToEDW_FactNetRevenue,spCMS_BatchLoad_StagingToEDW_FactNetRevenue,DECLARE @ProcName NVARCHAR,No db found
StagingToEDW_FactNetRevenue,spCMS_BatchLoad_StagingToEDW_FactNetRevenue,DECLARE @DebugMsg NVARCHAR,No db found
StagingToEDW_FactNetRevenue,spCMS_BatchLoad_StagingToEDW_FactNetRevenue,DECLARE @TaskName VARCHAR,No db found
StagingToEDW_FactNetRevenue,spCMS_BatchLoad_StagingToEDW_FactNetRevenue,DECLARE @SourceName SYSNAME ,No db found
StagingToEDW_FactNetRevenue,spCMS_BatchLoad_StagingToEDW_FactNetRevenue,DECLARE @IsOverrideBatch BIT,No db found
StagingToEDW_FactNetRevenue,spCMS_BatchLoad_StagingToEDW_FactNetRevenue,DECLARE @RowCount INT,No db found
StagingToEDW_FactNetRevenue,spCMS_BatchLoad_StagingToEDW_FactNetRevenue,DECLARE @Error INT,No db found
StagingToEDW_FactNetRevenue,spCMS_BatchLoad_StagingToEDW_FactNetRevenue,DECLARE @AuditId BIGINT,No db found
StagingToEDW_FactNetRevenue,spCMS_BatchLoad_StagingToEDW_FactNetRevenue,DECLARE @FiscalWeekEndDate DATE,No db found
StagingToEDW_FactNetRevenue,spCMS_BatchLoad_StagingToEDW_FactNetRevenue,DECLARE @SourceCount INT,No db found
StagingToEDW_FactNetRevenue,spCMS_BatchLoad_StagingToEDW_FactNetRevenue,DECLARE @InsertCount INT,No db found
StagingToEDW_FactNetRevenue,spCMS_BatchLoad_StagingToEDW_FactNetRevenue,DECLARE @UpdateCount INT,No db found
StagingToEDW_FactNetRevenue,spCMS_BatchLoad_StagingToEDW_FactNetRevenue,DECLARE @DeleteCount INT,No db found
StagingToEDW_FactNetRevenue,spCMS_BatchLoad_StagingToEDW_FactNetRevenue,DECLARE @LastProcessedDate DATETIME,No db found
StagingToEDW_FactNetRevenue,spCMS_BatchLoad_StagingToEDW_FactNetRevenue,FROM [dbo].[EDWETLBatchControl] ,[dbo]
StagingToEDW_FactNetRevenue,spCMS_BatchLoad_StagingToEDW_FactNetRevenue,from CMS,No db found
StagingToEDW_FactNetRevenue,spCMS_BatchLoad_StagingToEDW_FactNetRevenue,DECLARE @BatchByFiscalWeekEndDate TABLE,No db found
StagingToEDW_FactNetRevenue,spCMS_BatchLoad_StagingToEDW_FactNetRevenue,DECLARE @SourceFiscalDate TABLE,No db found
StagingToEDW_FactNetRevenue,spCMS_BatchLoad_StagingToEDW_FactNetRevenue,INSERT INTO @SourceFiscalDate,No db found
StagingToEDW_FactNetRevenue,spCMS_BatchLoad_StagingToEDW_FactNetRevenue,FROM dbo.finGeneralLedger,dbo
StagingToEDW_FactNetRevenue,spCMS_BatchLoad_StagingToEDW_FactNetRevenue,FROM BING_EDW.dbo.DimDate,BING_EDW
StagingToEDW_FactNetRevenue,spCMS_BatchLoad_StagingToEDW_FactNetRevenue,JOIN ,No db found
StagingToEDW_FactNetRevenue,spCMS_BatchLoad_StagingToEDW_FactNetRevenue,FROM BING_EDW..DimDate,BING_EDW
StagingToEDW_FactNetRevenue,spCMS_BatchLoad_StagingToEDW_FactNetRevenue,DECLARE csr_fact_rabalance_fisc_weekend CURSOR FOR,No db found
StagingToEDW_FactNetRevenue,spCMS_BatchLoad_StagingToEDW_FactNetRevenue,FROM csr_fact_rabalance_fisc_weekend INTO @FiscalWeekEndDate,No db found
StagingToEDW_FactNetRevenue,spCMS_BatchLoad_StagingToEDW_FactNetRevenue,from all the batch loads for this table,No db found
StagingToEDW_FactNetRevenue,spCMS_BatchLoad_StagingToEDW_FactNetRevenue,FROM BING_EDW.dbo.EDWBatchLoadLog,BING_EDW
StagingToEDW_FactNetRevenue,spCMS_BatchLoad_StagingToEDW_FactNetRevenue,UPDATE [BING_EDW].[dbo].[EDWBatchOverride],[BING_EDW]
StagingToEDW_FactNetRevenue,spCMS_BatchLoad_StagingToEDW_FactNetRevenue,DECLARE @ErrMsg NVARCHAR,No db found
StagingToEDW_FactNetRevenueAcquired,spMISC_StagingToEDW_FactNetRevenueACQ,from staging table,No db found
StagingToEDW_FactNetRevenueAcquired,spMISC_StagingToEDW_FactNetRevenueACQ,DECLARE @ProcName NVARCHAR,No db found
StagingToEDW_FactNetRevenueAcquired,spMISC_StagingToEDW_FactNetRevenueACQ,DECLARE @DebugMsg NVARCHAR,No db found
StagingToEDW_FactNetRevenueAcquired,spMISC_StagingToEDW_FactNetRevenueACQ,DECLARE @TaskName NVARCHAR,No db found
StagingToEDW_FactNetRevenueAcquired,spMISC_StagingToEDW_FactNetRevenueACQ,DECLARE @AuditId BIGINT,No db found
StagingToEDW_FactNetRevenueAcquired,spMISC_StagingToEDW_FactNetRevenueACQ,DECLARE @RowCount INT,No db found
StagingToEDW_FactNetRevenueAcquired,spMISC_StagingToEDW_FactNetRevenueACQ,DECLARE @Error INT,No db found
StagingToEDW_FactNetRevenueAcquired,spMISC_StagingToEDW_FactNetRevenueACQ,DECLARE @SourceCount INT,No db found
StagingToEDW_FactNetRevenueAcquired,spMISC_StagingToEDW_FactNetRevenueACQ,DECLARE @InsertCount INT,No db found
StagingToEDW_FactNetRevenueAcquired,spMISC_StagingToEDW_FactNetRevenueACQ,DECLARE @UpdateCount INT,No db found
StagingToEDW_FactNetRevenueAcquired,spMISC_StagingToEDW_FactNetRevenueACQ,DECLARE @DeleteCount INT,No db found
StagingToEDW_FactNetRevenueAcquired,spMISC_StagingToEDW_FactNetRevenueACQ,DECLARE @LastProcessedDate DATETIME,No db found
StagingToEDW_FactNetRevenueAcquired,spMISC_StagingToEDW_FactNetRevenueACQ,FROM MISC_Staging..EDWETLBatchControl,MISC_Staging
StagingToEDW_FactNetRevenueAcquired,spMISC_StagingToEDW_FactNetRevenueACQ,from Source,No db found
StagingToEDW_FactNetRevenueAcquired,spMISC_StagingToEDW_FactNetRevenueACQ,FROM AcquiredDollarandStats stg,No db found
StagingToEDW_FactNetRevenueAcquired,spMISC_StagingToEDW_FactNetRevenueACQ,JOIN BING_EDW.dbo.DimDate dd,BING_EDW
StagingToEDW_FactNetRevenueAcquired,spMISC_StagingToEDW_FactNetRevenueACQ,JOIN BING_EDW.dbo.DimOrganization do,BING_EDW
StagingToEDW_FactNetRevenueAcquired,spMISC_StagingToEDW_FactNetRevenueACQ,JOIN BING_EDW.dbo.DimCostCenter dc,BING_EDW
StagingToEDW_FactNetRevenueAcquired,spMISC_StagingToEDW_FactNetRevenueACQ,JOIN BING_EDW.dbo.DimAccountSubaccount da ,BING_EDW
StagingToEDW_FactNetRevenueAcquired,spMISC_StagingToEDW_FactNetRevenueACQ,from Source.,Source
StagingToEDW_FactNetRevenueAcquired,spMISC_StagingToEDW_FactNetRevenueACQ,FROM BING_EDW.dbo.FactNetRevenue T,BING_EDW
StagingToEDW_FactNetRevenueAcquired,spMISC_StagingToEDW_FactNetRevenueACQ,JOIN ,No db found
StagingToEDW_FactNetRevenueAcquired,spMISC_StagingToEDW_FactNetRevenueACQ,from Target.,Target
StagingToEDW_FactNetRevenueAcquired,spMISC_StagingToEDW_FactNetRevenueACQ,INSERT INTO BING_EDW.dbo.FactNetRevenue,BING_EDW
StagingToEDW_FactNetRevenueAcquired,spMISC_StagingToEDW_FactNetRevenueACQ,DECLARE @ErrMsg NVARCHAR,No db found
StagingToEDW_FactNetRevenueHOR,spHOR_BatchLoad_StagingToEDW_FactNetRevenue,from Staging to BING_EDW,No db found
StagingToEDW_FactNetRevenueHOR,spHOR_BatchLoad_StagingToEDW_FactNetRevenue,DECLARE @ProcName NVARCHAR,No db found
StagingToEDW_FactNetRevenueHOR,spHOR_BatchLoad_StagingToEDW_FactNetRevenue,DECLARE @DebugMsg NVARCHAR,No db found
StagingToEDW_FactNetRevenueHOR,spHOR_BatchLoad_StagingToEDW_FactNetRevenue,DECLARE @TaskName VARCHAR,No db found
StagingToEDW_FactNetRevenueHOR,spHOR_BatchLoad_StagingToEDW_FactNetRevenue,DECLARE @RowCount INT,No db found
StagingToEDW_FactNetRevenueHOR,spHOR_BatchLoad_StagingToEDW_FactNetRevenue,DECLARE @Error INT,No db found
StagingToEDW_FactNetRevenueHOR,spHOR_BatchLoad_StagingToEDW_FactNetRevenue,DECLARE @AuditId BIGINT,No db found
StagingToEDW_FactNetRevenueHOR,spHOR_BatchLoad_StagingToEDW_FactNetRevenue,DECLARE @FiscalWeekEndDate DATE,No db found
StagingToEDW_FactNetRevenueHOR,spHOR_BatchLoad_StagingToEDW_FactNetRevenue,DECLARE @SourceCount INT,No db found
StagingToEDW_FactNetRevenueHOR,spHOR_BatchLoad_StagingToEDW_FactNetRevenue,DECLARE @InsertCount INT,No db found
StagingToEDW_FactNetRevenueHOR,spHOR_BatchLoad_StagingToEDW_FactNetRevenue,DECLARE @UpdateCount INT,No db found
StagingToEDW_FactNetRevenueHOR,spHOR_BatchLoad_StagingToEDW_FactNetRevenue,DECLARE @DeleteCount INT,No db found
StagingToEDW_FactNetRevenueHOR,spHOR_BatchLoad_StagingToEDW_FactNetRevenue,DECLARE @LastProcessedDate DATETIME,No db found
StagingToEDW_FactNetRevenueHOR,spHOR_BatchLoad_StagingToEDW_FactNetRevenue,FROM CMS_Staging..EDWETLBatchControl,CMS_Staging
StagingToEDW_FactNetRevenueHOR,spHOR_BatchLoad_StagingToEDW_FactNetRevenue,DECLARE @BatchByFiscalWeekEndDate TABLE,No db found
StagingToEDW_FactNetRevenueHOR,spHOR_BatchLoad_StagingToEDW_FactNetRevenue,DECLARE @SourceFiscalDate TABLE,No db found
StagingToEDW_FactNetRevenueHOR,spHOR_BatchLoad_StagingToEDW_FactNetRevenue,INSERT INTO @SourceFiscalDate,No db found
StagingToEDW_FactNetRevenueHOR,spHOR_BatchLoad_StagingToEDW_FactNetRevenue,FROM dbo.finGeneralLedger,dbo
StagingToEDW_FactNetRevenueHOR,spHOR_BatchLoad_StagingToEDW_FactNetRevenue,INSERT INTO @BatchByFiscalWeekEndDate,No db found
StagingToEDW_FactNetRevenueHOR,spHOR_BatchLoad_StagingToEDW_FactNetRevenue,FROM BING_EDW.dbo.DimDate,BING_EDW
StagingToEDW_FactNetRevenueHOR,spHOR_BatchLoad_StagingToEDW_FactNetRevenue,JOIN ,No db found
StagingToEDW_FactNetRevenueHOR,spHOR_BatchLoad_StagingToEDW_FactNetRevenue,DECLARE csr_fact_nrevenue_hor_fisc_weekend CURSOR,No db found
StagingToEDW_FactNetRevenueHOR,spHOR_BatchLoad_StagingToEDW_FactNetRevenue,FROM @BatchByFiscalWeekEndDate,No db found
StagingToEDW_FactNetRevenueHOR,spHOR_BatchLoad_StagingToEDW_FactNetRevenue,FROM csr_fact_nrevenue_hor_fisc_weekend INTO @FiscalWeekEndDate,No db found
StagingToEDW_FactNetRevenueHOR,spHOR_BatchLoad_StagingToEDW_FactNetRevenue,from all the batch loads for this table,No db found
StagingToEDW_FactNetRevenueHOR,spHOR_BatchLoad_StagingToEDW_FactNetRevenue,FROM BING_EDW.dbo.EDWBatchLoadLog,BING_EDW
StagingToEDW_FactNetRevenueHOR,spHOR_BatchLoad_StagingToEDW_FactNetRevenue,DECLARE @ErrMsg NVARCHAR,No db found
StagingToEDW_FactNetRevenuePRO,spPRO_BatchLoad_StagingToEDW_FactNetRevenue,from Staging to BING_EDW,No db found
StagingToEDW_FactNetRevenuePRO,spPRO_BatchLoad_StagingToEDW_FactNetRevenue,DECLARE @ProcName NVARCHAR,No db found
StagingToEDW_FactNetRevenuePRO,spPRO_BatchLoad_StagingToEDW_FactNetRevenue,DECLARE @DebugMsg NVARCHAR,No db found
StagingToEDW_FactNetRevenuePRO,spPRO_BatchLoad_StagingToEDW_FactNetRevenue,DECLARE @TaskName VARCHAR,No db found
StagingToEDW_FactNetRevenuePRO,spPRO_BatchLoad_StagingToEDW_FactNetRevenue,DECLARE @RowCount INT,No db found
StagingToEDW_FactNetRevenuePRO,spPRO_BatchLoad_StagingToEDW_FactNetRevenue,DECLARE @Error INT,No db found
StagingToEDW_FactNetRevenuePRO,spPRO_BatchLoad_StagingToEDW_FactNetRevenue,DECLARE @AuditId BIGINT,No db found
StagingToEDW_FactNetRevenuePRO,spPRO_BatchLoad_StagingToEDW_FactNetRevenue,DECLARE @FiscalWeekNumber INT,No db found
StagingToEDW_FactNetRevenuePRO,spPRO_BatchLoad_StagingToEDW_FactNetRevenue,DECLARE @SourceCount INT,No db found
StagingToEDW_FactNetRevenuePRO,spPRO_BatchLoad_StagingToEDW_FactNetRevenue,DECLARE @InsertCount INT,No db found
StagingToEDW_FactNetRevenuePRO,spPRO_BatchLoad_StagingToEDW_FactNetRevenue,DECLARE @UpdateCount INT,No db found
StagingToEDW_FactNetRevenuePRO,spPRO_BatchLoad_StagingToEDW_FactNetRevenue,DECLARE @DeleteCount INT,No db found
StagingToEDW_FactNetRevenuePRO,spPRO_BatchLoad_StagingToEDW_FactNetRevenue,DECLARE @LastProcessedDate DATETIME,No db found
StagingToEDW_FactNetRevenuePRO,spPRO_BatchLoad_StagingToEDW_FactNetRevenue,FROM CMS_Staging..EDWETLBatchControl,CMS_Staging
StagingToEDW_FactNetRevenuePRO,spPRO_BatchLoad_StagingToEDW_FactNetRevenue,DECLARE @BatchByFiscalWeekNumber TABLE,No db found
StagingToEDW_FactNetRevenuePRO,spPRO_BatchLoad_StagingToEDW_FactNetRevenue,DECLARE @SourceFiscalWeekNumber TABLE,No db found
StagingToEDW_FactNetRevenuePRO,spPRO_BatchLoad_StagingToEDW_FactNetRevenue,INSERT INTO @SourceFiscalWeekNumber,No db found
StagingToEDW_FactNetRevenuePRO,spPRO_BatchLoad_StagingToEDW_FactNetRevenue,FROM dbo.CambridgeRevenue,dbo
StagingToEDW_FactNetRevenuePRO,spPRO_BatchLoad_StagingToEDW_FactNetRevenue,INSERT INTO @BatchByFiscalWeekNumber,No db found
StagingToEDW_FactNetRevenuePRO,spPRO_BatchLoad_StagingToEDW_FactNetRevenue,FROM BING_EDW.dbo.DimDate,BING_EDW
StagingToEDW_FactNetRevenuePRO,spPRO_BatchLoad_StagingToEDW_FactNetRevenue,JOIN ,No db found
StagingToEDW_FactNetRevenuePRO,spPRO_BatchLoad_StagingToEDW_FactNetRevenue,DECLARE csr_fact_nrevenue_pro_fisc_weekNumber CURSOR,No db found
StagingToEDW_FactNetRevenuePRO,spPRO_BatchLoad_StagingToEDW_FactNetRevenue,FROM @BatchByFiscalWeekNumber WHERE FiscalWeekNumber ,No db found
StagingToEDW_FactNetRevenuePRO,spPRO_BatchLoad_StagingToEDW_FactNetRevenue,FROM csr_fact_nrevenue_pro_fisc_weekNumber INTO @FiscalWeekNumber,No db found
StagingToEDW_FactNetRevenuePRO,spPRO_BatchLoad_StagingToEDW_FactNetRevenue,from all the batch loads for this table,No db found
StagingToEDW_FactNetRevenuePRO,spPRO_BatchLoad_StagingToEDW_FactNetRevenue,FROM BING_EDW.dbo.EDWBatchLoadLog,BING_EDW
StagingToEDW_FactNetRevenuePRO,spPRO_BatchLoad_StagingToEDW_FactNetRevenue,DECLARE @ErrMsg NVARCHAR,No db found
StagingToEDW_FactPartnerVerifiedSponsor,spEndAuditLog,update  audit table after the DML operation on the table,No db found
StagingToEDW_FactPartnerVerifiedSponsor,spEndAuditLog,FROM AuditLog,No db found
StagingToEDW_FactPartnerVerifiedSponsor,spEndAuditLog,UPDATE	AuditLog,No db found
StagingToEDW_FactPartnerVerifiedSponsor,spBeginAuditLog,update  audit table  before the DML operation on the table ,No db found
StagingToEDW_FactPartnerVerifiedSponsor,spBeginAuditLog,INSERT INTO AuditLog,No db found
StagingToEDW_FactPayment,spCMS_BatchLoad_StagingToEDW_FactPayment,from Staging to BING_EDW,No db found
StagingToEDW_FactPayment,spCMS_BatchLoad_StagingToEDW_FactPayment,DECLARE @ProcName NVARCHAR,No db found
StagingToEDW_FactPayment,spCMS_BatchLoad_StagingToEDW_FactPayment,DECLARE @DebugMsg NVARCHAR,No db found
StagingToEDW_FactPayment,spCMS_BatchLoad_StagingToEDW_FactPayment,DECLARE @TaskName VARCHAR,No db found
StagingToEDW_FactPayment,spCMS_BatchLoad_StagingToEDW_FactPayment,DECLARE @SourceName SYSNAME ,No db found
StagingToEDW_FactPayment,spCMS_BatchLoad_StagingToEDW_FactPayment,DECLARE @IsOverrideBatch BIT,No db found
StagingToEDW_FactPayment,spCMS_BatchLoad_StagingToEDW_FactPayment,DECLARE @RowCount INT,No db found
StagingToEDW_FactPayment,spCMS_BatchLoad_StagingToEDW_FactPayment,DECLARE @Error INT,No db found
StagingToEDW_FactPayment,spCMS_BatchLoad_StagingToEDW_FactPayment,DECLARE @AuditId BIGINT,No db found
StagingToEDW_FactPayment,spCMS_BatchLoad_StagingToEDW_FactPayment,DECLARE @FiscalYearNumber INT,No db found
StagingToEDW_FactPayment,spCMS_BatchLoad_StagingToEDW_FactPayment,DECLARE @SourceCount INT,No db found
StagingToEDW_FactPayment,spCMS_BatchLoad_StagingToEDW_FactPayment,DECLARE @InsertCount INT,No db found
StagingToEDW_FactPayment,spCMS_BatchLoad_StagingToEDW_FactPayment,DECLARE @UpdateCount INT,No db found
StagingToEDW_FactPayment,spCMS_BatchLoad_StagingToEDW_FactPayment,DECLARE @DeleteCount INT,No db found
StagingToEDW_FactPayment,spCMS_BatchLoad_StagingToEDW_FactPayment,DECLARE @LastProcessedDate DATE,No db found
StagingToEDW_FactPayment,spCMS_BatchLoad_StagingToEDW_FactPayment,FROM [dbo].[EDWETLBatchControl] ,[dbo]
StagingToEDW_FactPayment,spCMS_BatchLoad_StagingToEDW_FactPayment,DECLARE @BatchByFiscalYear TABLE,No db found
StagingToEDW_FactPayment,spCMS_BatchLoad_StagingToEDW_FactPayment,"from
		   ",No db found
StagingToEDW_FactPayment,spCMS_BatchLoad_StagingToEDW_FactPayment,INSERT INTO @BatchByFiscalYear,No db found
StagingToEDW_FactPayment,spCMS_BatchLoad_StagingToEDW_FactPayment,FROM dbo.finStudentPayment,dbo
StagingToEDW_FactPayment,spCMS_BatchLoad_StagingToEDW_FactPayment,DECLARE csr_fact_payment_fiscal_year CURSOR,No db found
StagingToEDW_FactPayment,spCMS_BatchLoad_StagingToEDW_FactPayment,FROM @BatchByFiscalYear,No db found
StagingToEDW_FactPayment,spCMS_BatchLoad_StagingToEDW_FactPayment,FROM csr_fact_payment_fiscal_year INTO @FiscalYearNumber,No db found
StagingToEDW_FactPayment,spCMS_BatchLoad_StagingToEDW_FactPayment,from all the batch loads for this table,No db found
StagingToEDW_FactPayment,spCMS_BatchLoad_StagingToEDW_FactPayment,FROM BING_EDW.dbo.EDWBatchLoadLog,BING_EDW
StagingToEDW_FactPayment,spCMS_BatchLoad_StagingToEDW_FactPayment,UPDATE [BING_EDW].[dbo].[EDWBatchOverride],[BING_EDW]
StagingToEDW_FactPayment,spCMS_BatchLoad_StagingToEDW_FactPayment,DECLARE @ErrMsg NVARCHAR,No db found
StagingToEDW_FactPaymentApplied,spCMS_StagingToEDW_FactPaymentApplied,FROM sys.objects,sys
StagingToEDW_FactPaymentApplied,spCMS_StagingToEDW_FactPaymentApplied,from Staging to BING_EDW.,BING_EDW
StagingToEDW_FactPaymentApplied,spCMS_StagingToEDW_FactPaymentApplied,from Source by calling,No db found
StagingToEDW_FactPaymentApplied,spCMS_StagingToEDW_FactPaymentApplied,from SSIS logic,No db found
StagingToEDW_FactPaymentApplied,spCMS_StagingToEDW_FactPaymentApplied,DECLARE @ProcName NVARCHAR,No db found
StagingToEDW_FactPaymentApplied,spCMS_StagingToEDW_FactPaymentApplied,DECLARE @DebugMsg NVARCHAR,No db found
StagingToEDW_FactPaymentApplied,spCMS_StagingToEDW_FactPaymentApplied,DECLARE @TaskName VARCHAR,No db found
StagingToEDW_FactPaymentApplied,spCMS_StagingToEDW_FactPaymentApplied,DECLARE @AuditId BIGINT,No db found
StagingToEDW_FactPaymentApplied,spCMS_StagingToEDW_FactPaymentApplied,DECLARE @RowCount INT,No db found
StagingToEDW_FactPaymentApplied,spCMS_StagingToEDW_FactPaymentApplied,DECLARE @Error INT,No db found
StagingToEDW_FactPaymentApplied,spCMS_StagingToEDW_FactPaymentApplied,DECLARE @SourceCount INT,No db found
StagingToEDW_FactPaymentApplied,spCMS_StagingToEDW_FactPaymentApplied,DECLARE @InsertCount INT,No db found
StagingToEDW_FactPaymentApplied,spCMS_StagingToEDW_FactPaymentApplied,DECLARE @UpdateCount INT,No db found
StagingToEDW_FactPaymentApplied,spCMS_StagingToEDW_FactPaymentApplied,DECLARE @DeleteCount INT,No db found
StagingToEDW_FactPaymentApplied,spCMS_StagingToEDW_FactPaymentApplied,DECLARE @tblMergeActions TABLE,No db found
StagingToEDW_FactPaymentApplied,spCMS_StagingToEDW_FactPaymentApplied,DECLARE @tblDeleteActions TABLE,No db found
StagingToEDW_FactPaymentApplied,spCMS_StagingToEDW_FactPaymentApplied,from Source,No db found
StagingToEDW_FactPaymentApplied,spCMS_StagingToEDW_FactPaymentApplied,from source ,No db found
StagingToEDW_FactPaymentApplied,spCMS_StagingToEDW_FactPaymentApplied,from Source.,Source
StagingToEDW_FactPaymentApplied,spCMS_StagingToEDW_FactPaymentApplied,"FROM
             ",No db found
StagingToEDW_FactPaymentApplied,spCMS_StagingToEDW_FactPaymentApplied,FROM @tblMergeActions,No db found
StagingToEDW_FactPaymentApplied,spCMS_StagingToEDW_FactPaymentApplied,UPDATE SET,No db found
StagingToEDW_FactPaymentApplied,spCMS_StagingToEDW_FactPaymentApplied,FROM @tblDeleteActions,No db found
StagingToEDW_FactPaymentApplied,spCMS_StagingToEDW_FactPaymentApplied,update in ,No db found
StagingToEDW_FactPaymentApplied,spCMS_StagingToEDW_FactPaymentApplied,from into Target.,Target
StagingToEDW_FactPaymentApplied,spCMS_StagingToEDW_FactPaymentApplied,DECLARE @ErrMsg NVARCHAR,No db found
StagingToEDW_FactPersonSpecialInfo,spHR_StagingToEDW_FactPersonSpecialInfo,FROM sys.objects,sys
StagingToEDW_FactPersonSpecialInfo,spHR_StagingToEDW_FactPersonSpecialInfo,Update ETL process for,No db found
StagingToEDW_FactPersonSpecialInfo,spHR_StagingToEDW_FactPersonSpecialInfo,from Staging to BING_EDW.,BING_EDW
StagingToEDW_FactPersonSpecialInfo,spHR_StagingToEDW_FactPersonSpecialInfo,from Source by calling,No db found
StagingToEDW_FactPersonSpecialInfo,spHR_StagingToEDW_FactPersonSpecialInfo,Update counts to caller,No db found
StagingToEDW_FactPersonSpecialInfo,spHR_StagingToEDW_FactPersonSpecialInfo,from source,No db found
StagingToEDW_FactPersonSpecialInfo,spHR_StagingToEDW_FactPersonSpecialInfo,DECLARE @ProcName NVARCHAR,No db found
StagingToEDW_FactPersonSpecialInfo,spHR_StagingToEDW_FactPersonSpecialInfo,DECLARE @DebugMsg NVARCHAR,No db found
StagingToEDW_FactPersonSpecialInfo,spHR_StagingToEDW_FactPersonSpecialInfo,DECLARE @SourceName VARCHAR,No db found
StagingToEDW_FactPersonSpecialInfo,spHR_StagingToEDW_FactPersonSpecialInfo,DECLARE @AuditId BIGINT,No db found
StagingToEDW_FactPersonSpecialInfo,spHR_StagingToEDW_FactPersonSpecialInfo,DECLARE @RowCount INT,No db found
StagingToEDW_FactPersonSpecialInfo,spHR_StagingToEDW_FactPersonSpecialInfo,DECLARE @Error INT,No db found
StagingToEDW_FactPersonSpecialInfo,spHR_StagingToEDW_FactPersonSpecialInfo,DECLARE @SourceCount INT,No db found
StagingToEDW_FactPersonSpecialInfo,spHR_StagingToEDW_FactPersonSpecialInfo,DECLARE @InsertCount INT,No db found
StagingToEDW_FactPersonSpecialInfo,spHR_StagingToEDW_FactPersonSpecialInfo,DECLARE @UpdateCount INT,No db found
StagingToEDW_FactPersonSpecialInfo,spHR_StagingToEDW_FactPersonSpecialInfo,DECLARE @DeleteCount INT,No db found
StagingToEDW_FactPersonSpecialInfo,spHR_StagingToEDW_FactPersonSpecialInfo,DECLARE @tblMergeActions TABLE,No db found
StagingToEDW_FactPersonSpecialInfo,spHR_StagingToEDW_FactPersonSpecialInfo,FROM Source,No db found
StagingToEDW_FactPersonSpecialInfo,spHR_StagingToEDW_FactPersonSpecialInfo,FROM source ,No db found
StagingToEDW_FactPersonSpecialInfo,spHR_StagingToEDW_FactPersonSpecialInfo,FROM Source.,Source
StagingToEDW_FactPersonSpecialInfo,spHR_StagingToEDW_FactPersonSpecialInfo,UPDATE SET,No db found
StagingToEDW_FactPersonSpecialInfo,spHR_StagingToEDW_FactPersonSpecialInfo,FROM @tblMergeActions,No db found
StagingToEDW_FactPersonSpecialInfo,spHR_StagingToEDW_FactPersonSpecialInfo,FROM into Target.,Target
StagingToEDW_FactPersonSpecialInfo,spHR_StagingToEDW_FactPersonSpecialInfo,DECLARE @ErrMsg NVARCHAR,No db found
StagingToEDW_FactSessionEnrollment,spCMS_StagingToEDW_FactSessionEnrollment,FROM sys.objects,sys
StagingToEDW_FactSessionEnrollment,spCMS_StagingToEDW_FactSessionEnrollment,from Staging to BING_EDW.,BING_EDW
StagingToEDW_FactSessionEnrollment,spCMS_StagingToEDW_FactSessionEnrollment,from Source by calling,No db found
StagingToEDW_FactSessionEnrollment,spCMS_StagingToEDW_FactSessionEnrollment,from SSIS logic,No db found
StagingToEDW_FactSessionEnrollment,spCMS_StagingToEDW_FactSessionEnrollment,DECLARE @ProcName NVARCHAR,No db found
StagingToEDW_FactSessionEnrollment,spCMS_StagingToEDW_FactSessionEnrollment,DECLARE @DebugMsg NVARCHAR,No db found
StagingToEDW_FactSessionEnrollment,spCMS_StagingToEDW_FactSessionEnrollment,DECLARE @TaskName VARCHAR,No db found
StagingToEDW_FactSessionEnrollment,spCMS_StagingToEDW_FactSessionEnrollment,DECLARE @AuditId BIGINT,No db found
StagingToEDW_FactSessionEnrollment,spCMS_StagingToEDW_FactSessionEnrollment,DECLARE @RowCount INT,No db found
StagingToEDW_FactSessionEnrollment,spCMS_StagingToEDW_FactSessionEnrollment,DECLARE @Error INT,No db found
StagingToEDW_FactSessionEnrollment,spCMS_StagingToEDW_FactSessionEnrollment,DECLARE @SourceCount INT,No db found
StagingToEDW_FactSessionEnrollment,spCMS_StagingToEDW_FactSessionEnrollment,DECLARE @InsertCount INT,No db found
StagingToEDW_FactSessionEnrollment,spCMS_StagingToEDW_FactSessionEnrollment,DECLARE @UpdateCount INT,No db found
StagingToEDW_FactSessionEnrollment,spCMS_StagingToEDW_FactSessionEnrollment,DECLARE @DeleteCount INT,No db found
StagingToEDW_FactSessionEnrollment,spCMS_StagingToEDW_FactSessionEnrollment,DECLARE @tblMergeActions TABLE,No db found
StagingToEDW_FactSessionEnrollment,spCMS_StagingToEDW_FactSessionEnrollment,DECLARE @tblDeleteActions TABLE,No db found
StagingToEDW_FactSessionEnrollment,spCMS_StagingToEDW_FactSessionEnrollment,from Source,No db found
StagingToEDW_FactSessionEnrollment,spCMS_StagingToEDW_FactSessionEnrollment,from source ,No db found
StagingToEDW_FactSessionEnrollment,spCMS_StagingToEDW_FactSessionEnrollment,from Source.,Source
StagingToEDW_FactSessionEnrollment,spCMS_StagingToEDW_FactSessionEnrollment,UPDATE SET,No db found
StagingToEDW_FactSessionEnrollment,spCMS_StagingToEDW_FactSessionEnrollment,"FROM
             ",No db found
StagingToEDW_FactSessionEnrollment,spCMS_StagingToEDW_FactSessionEnrollment,FROM @tblMergeActions,No db found
StagingToEDW_FactSessionEnrollment,spCMS_StagingToEDW_FactSessionEnrollment,FROM @tblDeleteActions,No db found
StagingToEDW_FactSessionEnrollment,spCMS_StagingToEDW_FactSessionEnrollment,update in ,No db found
StagingToEDW_FactSessionEnrollment,spCMS_StagingToEDW_FactSessionEnrollment,from into Target.,Target
StagingToEDW_FactSessionEnrollment,spCMS_StagingToEDW_FactSessionEnrollment,DECLARE @ErrMsg NVARCHAR,No db found
StagingToEDW_FactTierAssignment,spCMS_StagingToEDW_FactTierAssignment,FROM sys.objects,sys
StagingToEDW_FactTierAssignment,spCMS_StagingToEDW_FactTierAssignment,from Staging to BING_EDW.,BING_EDW
StagingToEDW_FactTierAssignment,spCMS_StagingToEDW_FactTierAssignment,from Source by calling,No db found
StagingToEDW_FactTierAssignment,spCMS_StagingToEDW_FactTierAssignment,from SSIS logic,No db found
StagingToEDW_FactTierAssignment,spCMS_StagingToEDW_FactTierAssignment,DECLARE @ProcName NVARCHAR,No db found
StagingToEDW_FactTierAssignment,spCMS_StagingToEDW_FactTierAssignment,DECLARE @DebugMsg NVARCHAR,No db found
StagingToEDW_FactTierAssignment,spCMS_StagingToEDW_FactTierAssignment,DECLARE @TaskName VARCHAR,No db found
StagingToEDW_FactTierAssignment,spCMS_StagingToEDW_FactTierAssignment,DECLARE @AuditId BIGINT,No db found
StagingToEDW_FactTierAssignment,spCMS_StagingToEDW_FactTierAssignment,DECLARE @RowCount INT,No db found
StagingToEDW_FactTierAssignment,spCMS_StagingToEDW_FactTierAssignment,DECLARE @Error INT,No db found
StagingToEDW_FactTierAssignment,spCMS_StagingToEDW_FactTierAssignment,DECLARE @SourceCount INT,No db found
StagingToEDW_FactTierAssignment,spCMS_StagingToEDW_FactTierAssignment,DECLARE @InsertCount INT,No db found
StagingToEDW_FactTierAssignment,spCMS_StagingToEDW_FactTierAssignment,DECLARE @UpdateCount INT,No db found
StagingToEDW_FactTierAssignment,spCMS_StagingToEDW_FactTierAssignment,DECLARE @DeleteCount INT,No db found
StagingToEDW_FactTierAssignment,spCMS_StagingToEDW_FactTierAssignment,DECLARE @tblMergeActions TABLE,No db found
StagingToEDW_FactTierAssignment,spCMS_StagingToEDW_FactTierAssignment,DECLARE @tblDeleteActions TABLE,No db found
StagingToEDW_FactTierAssignment,spCMS_StagingToEDW_FactTierAssignment,from Source,No db found
StagingToEDW_FactTierAssignment,spCMS_StagingToEDW_FactTierAssignment,from source ,No db found
StagingToEDW_FactTierAssignment,spCMS_StagingToEDW_FactTierAssignment,from Source.,Source
StagingToEDW_FactTierAssignment,spCMS_StagingToEDW_FactTierAssignment,UPDATE SET,No db found
StagingToEDW_FactTierAssignment,spCMS_StagingToEDW_FactTierAssignment,"FROM
             ",No db found
StagingToEDW_FactTierAssignment,spCMS_StagingToEDW_FactTierAssignment,FROM @tblMergeActions,No db found
StagingToEDW_FactTierAssignment,spCMS_StagingToEDW_FactTierAssignment,FROM @tblDeleteActions,No db found
StagingToEDW_FactTierAssignment,spCMS_StagingToEDW_FactTierAssignment,update in ,No db found
StagingToEDW_FactTierAssignment,spCMS_StagingToEDW_FactTierAssignment,from into Target.,Target
StagingToEDW_FactTierAssignment,spCMS_StagingToEDW_FactTierAssignment,DECLARE @ErrMsg NVARCHAR,No db found
StagingToEDW_MartToEDW_CostCenter_OneTimeLoadforCompNonComp,spBeginAuditLog,update  audit table  before the DML operation on the table ,No db found
StagingToEDW_MartToEDW_CostCenter_OneTimeLoadforCompNonComp,spBeginAuditLog,INSERT INTO AuditLog,No db found
StagingToEDW_MartToEDW_CostCenter_OneTimeLoadforCompNonComp,spEndAuditLog,update  audit table after the DML operation on the table,No db found
StagingToEDW_MartToEDW_CostCenter_OneTimeLoadforCompNonComp,spEndAuditLog,FROM AuditLog,No db found
StagingToEDW_MartToEDW_CostCenter_OneTimeLoadforCompNonComp,spEndAuditLog,UPDATE	AuditLog,No db found
StagingToEDW_MartToEDW_DimMartCostCenter_IXV,spGL_StagingToEDW_DimAccountSubAccount,from Staging to BING_EDW.,BING_EDW
StagingToEDW_MartToEDW_DimMartCostCenter_IXV,spGL_StagingToEDW_DimAccountSubAccount,from Source by calling,No db found
StagingToEDW_MartToEDW_DimMartCostCenter_IXV,spGL_StagingToEDW_DimAccountSubAccount,DECLARE @ProcName NVARCHAR,No db found
StagingToEDW_MartToEDW_DimMartCostCenter_IXV,spGL_StagingToEDW_DimAccountSubAccount,DECLARE @DebugMsg NVARCHAR,No db found
StagingToEDW_MartToEDW_DimMartCostCenter_IXV,spGL_StagingToEDW_DimAccountSubAccount,DECLARE @SourceName VARCHAR,No db found
StagingToEDW_MartToEDW_DimMartCostCenter_IXV,spGL_StagingToEDW_DimAccountSubAccount,DECLARE @AuditId BIGINT,No db found
StagingToEDW_MartToEDW_DimMartCostCenter_IXV,spGL_StagingToEDW_DimAccountSubAccount,DECLARE @RowCount INT,No db found
StagingToEDW_MartToEDW_DimMartCostCenter_IXV,spGL_StagingToEDW_DimAccountSubAccount,DECLARE @Error INT,No db found
StagingToEDW_MartToEDW_DimMartCostCenter_IXV,spGL_StagingToEDW_DimAccountSubAccount,DECLARE @SourceCount INT,No db found
StagingToEDW_MartToEDW_DimMartCostCenter_IXV,spGL_StagingToEDW_DimAccountSubAccount,DECLARE @InsertCount INT,No db found
StagingToEDW_MartToEDW_DimMartCostCenter_IXV,spGL_StagingToEDW_DimAccountSubAccount,DECLARE @UpdateCount INT,No db found
StagingToEDW_MartToEDW_DimMartCostCenter_IXV,spGL_StagingToEDW_DimAccountSubAccount,DECLARE @DeleteCount INT,No db found
StagingToEDW_MartToEDW_DimMartCostCenter_IXV,spGL_StagingToEDW_DimAccountSubAccount,DECLARE @InfSourceCount INT,No db found
StagingToEDW_MartToEDW_DimMartCostCenter_IXV,spGL_StagingToEDW_DimAccountSubAccount,DECLARE @InfInsertCount INT,No db found
StagingToEDW_MartToEDW_DimMartCostCenter_IXV,spGL_StagingToEDW_DimAccountSubAccount,DECLARE @InfUpdateCount INT,No db found
StagingToEDW_MartToEDW_DimMartCostCenter_IXV,spGL_StagingToEDW_DimAccountSubAccount,DECLARE @InfDeleteCount INT,No db found
StagingToEDW_MartToEDW_DimMartCostCenter_IXV,spGL_StagingToEDW_DimAccountSubAccount,DECLARE @tblMergeActions TABLE,No db found
StagingToEDW_MartToEDW_DimMartCostCenter_IXV,spGL_StagingToEDW_DimAccountSubAccount,DECLARE @tblDeleteActions TABLE,No db found
StagingToEDW_MartToEDW_DimMartCostCenter_IXV,spGL_StagingToEDW_DimAccountSubAccount,from Source,No db found
StagingToEDW_MartToEDW_DimMartCostCenter_IXV,spGL_StagingToEDW_DimAccountSubAccount,from source ,No db found
StagingToEDW_MartToEDW_DimMartCostCenter_IXV,spGL_StagingToEDW_DimAccountSubAccount,from Source.,Source
StagingToEDW_MartToEDW_DimMartCostCenter_IXV,spGL_StagingToEDW_DimAccountSubAccount,UPDATE SET,No db found
StagingToEDW_MartToEDW_DimMartCostCenter_IXV,spGL_StagingToEDW_DimAccountSubAccount,"FROM
             ",No db found
StagingToEDW_MartToEDW_DimMartCostCenter_IXV,spGL_StagingToEDW_DimAccountSubAccount,FROM @tblMergeActions,No db found
StagingToEDW_MartToEDW_DimMartCostCenter_IXV,spGL_StagingToEDW_DimAccountSubAccount,Update existing RowStatus to ,No db found
StagingToEDW_MartToEDW_DimMartCostCenter_IXV,spGL_StagingToEDW_DimAccountSubAccount,UPDATE [BING_EDW].[dbo].[DimAccountSubaccount] SET [RowStatus] ,[BING_EDW]
StagingToEDW_MartToEDW_DimMartCostCenter_IXV,spGL_StagingToEDW_DimAccountSubAccount,INSERT INTO [dbo].[InfAccountSubaccount] ,[dbo]
StagingToEDW_MartToEDW_DimMartCostCenter_IXV,spGL_StagingToEDW_DimAccountSubAccount,FROM [CMS_Staging].[dbo].[tfnNetRevenue],[CMS_Staging]
StagingToEDW_MartToEDW_DimMartCostCenter_IXV,spGL_StagingToEDW_DimAccountSubAccount,JOIN [BING_EDW].[dbo].[DimAccountSubaccount] [E],[BING_EDW]
StagingToEDW_MartToEDW_DimMartCostCenter_IXV,spGL_StagingToEDW_DimAccountSubAccount,FROM  [dbo].[InfAccountSubaccount],[dbo]
StagingToEDW_MartToEDW_DimMartCostCenter_IXV,spGL_StagingToEDW_DimAccountSubAccount,from Source into InfAccountSubaccount.,InfAccountSubaccount
StagingToEDW_MartToEDW_DimMartCostCenter_IXV,spGL_StagingToEDW_DimAccountSubAccount,FROM  ,No db found
StagingToEDW_MartToEDW_DimMartCostCenter_IXV,spGL_StagingToEDW_DimAccountSubAccount,from Source into MissingDimAccountSubAccountUpsert.,MissingDimAccountSubAccountUpsert
StagingToEDW_MartToEDW_DimMartCostCenter_IXV,spGL_StagingToEDW_DimAccountSubAccount,DECLARE @ErrMsg NVARCHAR,No db found
StagingToEDW_MartToEDW_DimMartCostCenter_IXV,spGL_StagingToEDW_DimCostCenter,FROM sys.objects,sys
StagingToEDW_MartToEDW_DimMartCostCenter_IXV,spGL_StagingToEDW_DimCostCenter,from Staging to BING_EDW.,BING_EDW
StagingToEDW_MartToEDW_DimMartCostCenter_IXV,spGL_StagingToEDW_DimCostCenter,from Source by calling,No db found
StagingToEDW_MartToEDW_DimMartCostCenter_IXV,spGL_StagingToEDW_DimCostCenter,from step 3,No db found
StagingToEDW_MartToEDW_DimMartCostCenter_IXV,spGL_StagingToEDW_DimCostCenter,from source,No db found
StagingToEDW_MartToEDW_DimMartCostCenter_IXV,spGL_StagingToEDW_DimCostCenter,DECLARE @ProcName NVARCHAR,No db found
StagingToEDW_MartToEDW_DimMartCostCenter_IXV,spGL_StagingToEDW_DimCostCenter,DECLARE @DebugMsg NVARCHAR,No db found
StagingToEDW_MartToEDW_DimMartCostCenter_IXV,spGL_StagingToEDW_DimCostCenter,DECLARE @SourceName VARCHAR,No db found
StagingToEDW_MartToEDW_DimMartCostCenter_IXV,spGL_StagingToEDW_DimCostCenter,DECLARE @AuditId BIGINT,No db found
StagingToEDW_MartToEDW_DimMartCostCenter_IXV,spGL_StagingToEDW_DimCostCenter,DECLARE @RowCount INT,No db found
StagingToEDW_MartToEDW_DimMartCostCenter_IXV,spGL_StagingToEDW_DimCostCenter,DECLARE @Error INT,No db found
StagingToEDW_MartToEDW_DimMartCostCenter_IXV,spGL_StagingToEDW_DimCostCenter,DECLARE @SourceCount INT,No db found
StagingToEDW_MartToEDW_DimMartCostCenter_IXV,spGL_StagingToEDW_DimCostCenter,DECLARE @InsertCount INT,No db found
StagingToEDW_MartToEDW_DimMartCostCenter_IXV,spGL_StagingToEDW_DimCostCenter,DECLARE @UpdateCount INT,No db found
StagingToEDW_MartToEDW_DimMartCostCenter_IXV,spGL_StagingToEDW_DimCostCenter,DECLARE @DeleteCount INT,No db found
StagingToEDW_MartToEDW_DimMartCostCenter_IXV,spGL_StagingToEDW_DimCostCenter,DECLARE @tblMrgeActions_SCD2 TABLE,No db found
StagingToEDW_MartToEDW_DimMartCostCenter_IXV,spGL_StagingToEDW_DimCostCenter,from Source,No db found
StagingToEDW_MartToEDW_DimMartCostCenter_IXV,spGL_StagingToEDW_DimCostCenter,from source ,No db found
StagingToEDW_MartToEDW_DimMartCostCenter_IXV,spGL_StagingToEDW_DimCostCenter,from Source.,Source
StagingToEDW_MartToEDW_DimMartCostCenter_IXV,spGL_StagingToEDW_DimCostCenter,update process for changed existing records,No db found
StagingToEDW_MartToEDW_DimMartCostCenter_IXV,spGL_StagingToEDW_DimCostCenter,"from 
		   ",No db found
StagingToEDW_MartToEDW_DimMartCostCenter_IXV,spGL_StagingToEDW_DimCostCenter,insert into the target table,No db found
StagingToEDW_MartToEDW_DimMartCostCenter_IXV,spGL_StagingToEDW_DimCostCenter,UPDATE SET,No db found
StagingToEDW_MartToEDW_DimMartCostCenter_IXV,spGL_StagingToEDW_DimCostCenter,from NULL ,No db found
StagingToEDW_MartToEDW_DimMartCostCenter_IXV,spGL_StagingToEDW_DimCostCenter,"FROM
             ",No db found
StagingToEDW_MartToEDW_DimMartCostCenter_IXV,spGL_StagingToEDW_DimCostCenter,FROM @tblMrgeActions_SCD2,No db found
StagingToEDW_MartToEDW_DimMartCostCenter_IXV,spGL_StagingToEDW_DimCostCenter,INSERT INTO BING_EDW.dbo.DimCostCenter,BING_EDW
StagingToEDW_MartToEDW_DimMartCostCenter_IXV,spGL_StagingToEDW_DimCostCenter,JOIN ,No db found
StagingToEDW_MartToEDW_DimMartCostCenter_IXV,spGL_StagingToEDW_DimCostCenter,from into Target.,Target
StagingToEDW_MartToEDW_DimMartCostCenter_IXV,spGL_StagingToEDW_DimCostCenter,DECLARE @ErrMsg NVARCHAR,No db found
StagingToEDW_OneTimeDimMartAccountSubAccount,spGL_Staging_AccountSubAccountLanding,DECLARE @ProcName NVARCHAR,No db found
StagingToEDW_OneTimeDimMartAccountSubAccount,spGL_Staging_AccountSubAccountLanding,DECLARE @DebugMsg NVARCHAR,No db found
StagingToEDW_OneTimeDimMartAccountSubAccount,spGL_Staging_AccountSubAccountLanding,DECLARE @SourceCount INT,No db found
StagingToEDW_OneTimeDimMartAccountSubAccount,spGL_Staging_AccountSubAccountLanding,DECLARE @InsertCount INT,No db found
StagingToEDW_OneTimeDimMartAccountSubAccount,spGL_Staging_AccountSubAccountLanding,from Source,No db found
StagingToEDW_OneTimeDimMartAccountSubAccount,spGL_Staging_AccountSubAccountLanding,from source ,No db found
StagingToEDW_OneTimeDimMartAccountSubAccount,spGL_Staging_AccountSubAccountLanding,from Source.,Source
StagingToEDW_OneTimeDimMartAccountSubAccount,spGL_Staging_AccountSubAccountLanding,from temp table,No db found
StagingToEDW_OneTimeDimMartAccountSubAccount,spGL_Staging_AccountSubAccountLanding,INSERT INTO dbo.AccountSubaccountLanding,dbo
StagingToEDW_OneTimeDimMartAccountSubAccount,spGL_Staging_AccountSubAccountLanding,FROM dbo.AccountSubaccountLanding,dbo
StagingToEDW_OneTimeDimMartAccountSubAccount,spGL_Staging_AccountSubAccountLanding,DECLARE @ErrMsg NVARCHAR,No db found
StagingToEDW_ReportMeasure,spEndAuditLog,update  audit table after the DML operation on the table,No db found
StagingToEDW_ReportMeasure,spEndAuditLog,FROM AuditLog,No db found
StagingToEDW_ReportMeasure,spEndAuditLog,UPDATE	AuditLog,No db found
StagingToEDW_ReportMeasure,spBeginAuditLog,update  audit table  before the DML operation on the table ,No db found
StagingToEDW_ReportMeasure,spBeginAuditLog,INSERT INTO AuditLog,No db found
StagingToEDW_ReportProfile,spEndAuditLog,update  audit table after the DML operation on the table,No db found
StagingToEDW_ReportProfile,spEndAuditLog,FROM AuditLog,No db found
StagingToEDW_ReportProfile,spEndAuditLog,UPDATE	AuditLog,No db found
StagingToEDW_ReportProfile,spBeginAuditLog,update  audit table  before the DML operation on the table ,No db found
StagingToEDW_ReportProfile,spBeginAuditLog,INSERT INTO AuditLog,No db found
StagingToEDW_StagingToEDWParentPackage,spGL_StagingToEDW_DimDate,FROM sys.objects,sys
StagingToEDW_StagingToEDWParentPackage,spGL_StagingToEDW_DimDate,from Staging to BING_EDW.,BING_EDW
StagingToEDW_StagingToEDWParentPackage,spGL_StagingToEDW_DimDate,from Source by calling,No db found
StagingToEDW_StagingToEDWParentPackage,spGL_StagingToEDW_DimDate,from source,No db found
StagingToEDW_StagingToEDWParentPackage,spGL_StagingToEDW_DimDate,DECLARE @ProcName NVARCHAR,No db found
StagingToEDW_StagingToEDWParentPackage,spGL_StagingToEDW_DimDate,DECLARE @DebugMsg NVARCHAR,No db found
StagingToEDW_StagingToEDWParentPackage,spGL_StagingToEDW_DimDate,DECLARE @SourceName VARCHAR,No db found
StagingToEDW_StagingToEDWParentPackage,spGL_StagingToEDW_DimDate,DECLARE @AuditId BIGINT,No db found
StagingToEDW_StagingToEDWParentPackage,spGL_StagingToEDW_DimDate,DECLARE @RowCount INT,No db found
StagingToEDW_StagingToEDWParentPackage,spGL_StagingToEDW_DimDate,DECLARE @Error INT,No db found
StagingToEDW_StagingToEDWParentPackage,spGL_StagingToEDW_DimDate,DECLARE @SourceCount INT,No db found
StagingToEDW_StagingToEDWParentPackage,spGL_StagingToEDW_DimDate,DECLARE @InsertCount INT,No db found
StagingToEDW_StagingToEDWParentPackage,spGL_StagingToEDW_DimDate,DECLARE @UpdateCount INT,No db found
StagingToEDW_StagingToEDWParentPackage,spGL_StagingToEDW_DimDate,DECLARE @DeleteCount INT,No db found
StagingToEDW_StagingToEDWParentPackage,spGL_StagingToEDW_DimDate,DECLARE @tblMergeActions TABLE,No db found
StagingToEDW_StagingToEDWParentPackage,spGL_StagingToEDW_DimDate,DECLARE @tblDeleteActions TABLE,No db found
StagingToEDW_StagingToEDWParentPackage,spGL_StagingToEDW_DimDate,from Source,No db found
StagingToEDW_StagingToEDWParentPackage,spGL_StagingToEDW_DimDate,from source ,No db found
StagingToEDW_StagingToEDWParentPackage,spGL_StagingToEDW_DimDate,from Source.,Source
StagingToEDW_StagingToEDWParentPackage,spGL_StagingToEDW_DimDate,UPDATE SET,No db found
StagingToEDW_StagingToEDWParentPackage,spGL_StagingToEDW_DimDate,"FROM
             ",No db found
StagingToEDW_StagingToEDWParentPackage,spGL_StagingToEDW_DimDate,FROM @tblMergeActions,No db found
StagingToEDW_StagingToEDWParentPackage,spGL_StagingToEDW_DimDate,FROM @tblDeleteActions,No db found
StagingToEDW_StagingToEDWParentPackage,spGL_StagingToEDW_DimDate,update in ,No db found
StagingToEDW_StagingToEDWParentPackage,spGL_StagingToEDW_DimDate,DECLARE @ErrMsg NVARCHAR,No db found
StagingToEDW_StagingToEDWParentPackage,spBING_EDW_Build_DimensionStaticData,update or [re]deploy the entire database solution,No db found
StagingToEDW_StagingToEDWParentPackage,spBING_EDW_Build_DimensionStaticData,from scratch.,scratch
StagingToEDW_StagingToEDWParentPackage,spBING_EDW_Build_DimensionStaticData,DECLARE @ProcName NVARCHAR,No db found
StagingToEDW_StagingToEDWParentPackage,spBING_EDW_Build_DimensionStaticData,DECLARE @DebugMsg NVARCHAR,No db found
StagingToEDW_StagingToEDWParentPackage,spBING_EDW_Build_DimensionStaticData,DECLARE @SourceName VARCHAR,No db found
StagingToEDW_StagingToEDWParentPackage,spBING_EDW_Build_DimensionStaticData,DECLARE @AuditId BIGINT,No db found
StagingToEDW_StagingToEDWParentPackage,spBING_EDW_Build_DimensionStaticData,DECLARE @RowCount INT,No db found
StagingToEDW_StagingToEDWParentPackage,spBING_EDW_Build_DimensionStaticData,DECLARE @Error INT,No db found
StagingToEDW_StagingToEDWParentPackage,spBING_EDW_Build_DimensionStaticData,DECLARE @SourceCount INT,No db found
StagingToEDW_StagingToEDWParentPackage,spBING_EDW_Build_DimensionStaticData,DECLARE @InsertCount INT,No db found
StagingToEDW_StagingToEDWParentPackage,spBING_EDW_Build_DimensionStaticData,DECLARE @UpdateCount INT,No db found
StagingToEDW_StagingToEDWParentPackage,spBING_EDW_Build_DimensionStaticData,DECLARE @DeleteCount INT,No db found
StagingToEDW_StagingToEDWParentPackage,spBING_EDW_Build_DimensionStaticData,DECLARE @ErrMsg NVARCHAR,No db found
StagingToEDW_StagingToEDW_DimensionParent,spGL_StagingToEDW_DimDate,FROM sys.objects,sys
StagingToEDW_StagingToEDW_DimensionParent,spGL_StagingToEDW_DimDate,from Staging to BING_EDW.,BING_EDW
StagingToEDW_StagingToEDW_DimensionParent,spGL_StagingToEDW_DimDate,from Source by calling,No db found
StagingToEDW_StagingToEDW_DimensionParent,spGL_StagingToEDW_DimDate,from source,No db found
StagingToEDW_StagingToEDW_DimensionParent,spGL_StagingToEDW_DimDate,DECLARE @ProcName NVARCHAR,No db found
StagingToEDW_StagingToEDW_DimensionParent,spGL_StagingToEDW_DimDate,DECLARE @DebugMsg NVARCHAR,No db found
StagingToEDW_StagingToEDW_DimensionParent,spGL_StagingToEDW_DimDate,DECLARE @SourceName VARCHAR,No db found
StagingToEDW_StagingToEDW_DimensionParent,spGL_StagingToEDW_DimDate,DECLARE @AuditId BIGINT,No db found
StagingToEDW_StagingToEDW_DimensionParent,spGL_StagingToEDW_DimDate,DECLARE @RowCount INT,No db found
StagingToEDW_StagingToEDW_DimensionParent,spGL_StagingToEDW_DimDate,DECLARE @Error INT,No db found
StagingToEDW_StagingToEDW_DimensionParent,spGL_StagingToEDW_DimDate,DECLARE @SourceCount INT,No db found
StagingToEDW_StagingToEDW_DimensionParent,spGL_StagingToEDW_DimDate,DECLARE @InsertCount INT,No db found
StagingToEDW_StagingToEDW_DimensionParent,spGL_StagingToEDW_DimDate,DECLARE @UpdateCount INT,No db found
StagingToEDW_StagingToEDW_DimensionParent,spGL_StagingToEDW_DimDate,DECLARE @DeleteCount INT,No db found
StagingToEDW_StagingToEDW_DimensionParent,spGL_StagingToEDW_DimDate,DECLARE @tblMergeActions TABLE,No db found
StagingToEDW_StagingToEDW_DimensionParent,spGL_StagingToEDW_DimDate,DECLARE @tblDeleteActions TABLE,No db found
StagingToEDW_StagingToEDW_DimensionParent,spGL_StagingToEDW_DimDate,from Source,No db found
StagingToEDW_StagingToEDW_DimensionParent,spGL_StagingToEDW_DimDate,from source ,No db found
StagingToEDW_StagingToEDW_DimensionParent,spGL_StagingToEDW_DimDate,from Source.,Source
StagingToEDW_StagingToEDW_DimensionParent,spGL_StagingToEDW_DimDate,UPDATE SET,No db found
StagingToEDW_StagingToEDW_DimensionParent,spGL_StagingToEDW_DimDate,"FROM
             ",No db found
StagingToEDW_StagingToEDW_DimensionParent,spGL_StagingToEDW_DimDate,FROM @tblMergeActions,No db found
StagingToEDW_StagingToEDW_DimensionParent,spGL_StagingToEDW_DimDate,FROM @tblDeleteActions,No db found
StagingToEDW_StagingToEDW_DimensionParent,spGL_StagingToEDW_DimDate,update in ,No db found
StagingToEDW_StagingToEDW_DimensionParent,spGL_StagingToEDW_DimDate,DECLARE @ErrMsg NVARCHAR,No db found
StagingToEDW_StagingToEDW_DimensionParent,spBING_EDW_Build_DimensionStaticData,update or [re]deploy the entire database solution,No db found
StagingToEDW_StagingToEDW_DimensionParent,spBING_EDW_Build_DimensionStaticData,from scratch.,scratch
StagingToEDW_StagingToEDW_DimensionParent,spBING_EDW_Build_DimensionStaticData,DECLARE @ProcName NVARCHAR,No db found
StagingToEDW_StagingToEDW_DimensionParent,spBING_EDW_Build_DimensionStaticData,DECLARE @DebugMsg NVARCHAR,No db found
StagingToEDW_StagingToEDW_DimensionParent,spBING_EDW_Build_DimensionStaticData,DECLARE @SourceName VARCHAR,No db found
StagingToEDW_StagingToEDW_DimensionParent,spBING_EDW_Build_DimensionStaticData,DECLARE @AuditId BIGINT,No db found
StagingToEDW_StagingToEDW_DimensionParent,spBING_EDW_Build_DimensionStaticData,DECLARE @RowCount INT,No db found
StagingToEDW_StagingToEDW_DimensionParent,spBING_EDW_Build_DimensionStaticData,DECLARE @Error INT,No db found
StagingToEDW_StagingToEDW_DimensionParent,spBING_EDW_Build_DimensionStaticData,DECLARE @SourceCount INT,No db found
StagingToEDW_StagingToEDW_DimensionParent,spBING_EDW_Build_DimensionStaticData,DECLARE @InsertCount INT,No db found
StagingToEDW_StagingToEDW_DimensionParent,spBING_EDW_Build_DimensionStaticData,DECLARE @UpdateCount INT,No db found
StagingToEDW_StagingToEDW_DimensionParent,spBING_EDW_Build_DimensionStaticData,DECLARE @DeleteCount INT,No db found
StagingToEDW_StagingToEDW_DimensionParent,spBING_EDW_Build_DimensionStaticData,DECLARE @ErrMsg NVARCHAR,No db found
StagingToEDW_StagingToEDW_Dimension_CenterManagement,spCMS_StagingToEDW_DimAdjustmentReason,FROM sys.objects,sys
StagingToEDW_StagingToEDW_Dimension_CenterManagement,spCMS_StagingToEDW_DimAdjustmentReason,from Staging to BING_EDW.,BING_EDW
StagingToEDW_StagingToEDW_Dimension_CenterManagement,spCMS_StagingToEDW_DimAdjustmentReason,from Source by calling,No db found
StagingToEDW_StagingToEDW_Dimension_CenterManagement,spCMS_StagingToEDW_DimAdjustmentReason,from source,No db found
StagingToEDW_StagingToEDW_Dimension_CenterManagement,spCMS_StagingToEDW_DimAdjustmentReason,DECLARE @ProcName NVARCHAR,No db found
StagingToEDW_StagingToEDW_Dimension_CenterManagement,spCMS_StagingToEDW_DimAdjustmentReason,DECLARE @DebugMsg NVARCHAR,No db found
StagingToEDW_StagingToEDW_Dimension_CenterManagement,spCMS_StagingToEDW_DimAdjustmentReason,DECLARE @SourceName VARCHAR,No db found
StagingToEDW_StagingToEDW_Dimension_CenterManagement,spCMS_StagingToEDW_DimAdjustmentReason,DECLARE @AuditId BIGINT,No db found
StagingToEDW_StagingToEDW_Dimension_CenterManagement,spCMS_StagingToEDW_DimAdjustmentReason,DECLARE @RowCount INT,No db found
StagingToEDW_StagingToEDW_Dimension_CenterManagement,spCMS_StagingToEDW_DimAdjustmentReason,DECLARE @Error INT,No db found
StagingToEDW_StagingToEDW_Dimension_CenterManagement,spCMS_StagingToEDW_DimAdjustmentReason,DECLARE @SourceCount INT,No db found
StagingToEDW_StagingToEDW_Dimension_CenterManagement,spCMS_StagingToEDW_DimAdjustmentReason,DECLARE @InsertCount INT,No db found
StagingToEDW_StagingToEDW_Dimension_CenterManagement,spCMS_StagingToEDW_DimAdjustmentReason,DECLARE @UpdateCount INT,No db found
StagingToEDW_StagingToEDW_Dimension_CenterManagement,spCMS_StagingToEDW_DimAdjustmentReason,DECLARE @DeleteCount INT,No db found
StagingToEDW_StagingToEDW_Dimension_CenterManagement,spCMS_StagingToEDW_DimAdjustmentReason,DECLARE @tblMergeActions TABLE,No db found
StagingToEDW_StagingToEDW_Dimension_CenterManagement,spCMS_StagingToEDW_DimAdjustmentReason,DECLARE @tblDeleteActions TABLE,No db found
StagingToEDW_StagingToEDW_Dimension_CenterManagement,spCMS_StagingToEDW_DimAdjustmentReason,from Source,No db found
StagingToEDW_StagingToEDW_Dimension_CenterManagement,spCMS_StagingToEDW_DimAdjustmentReason,from source ,No db found
StagingToEDW_StagingToEDW_Dimension_CenterManagement,spCMS_StagingToEDW_DimAdjustmentReason,from Source.,Source
StagingToEDW_StagingToEDW_Dimension_CenterManagement,spCMS_StagingToEDW_DimAdjustmentReason,UPDATE SET,No db found
StagingToEDW_StagingToEDW_Dimension_CenterManagement,spCMS_StagingToEDW_DimAdjustmentReason,"FROM
             ",No db found
StagingToEDW_StagingToEDW_Dimension_CenterManagement,spCMS_StagingToEDW_DimAdjustmentReason,FROM @tblMergeActions,No db found
StagingToEDW_StagingToEDW_Dimension_CenterManagement,spCMS_StagingToEDW_DimAdjustmentReason,FROM @tblDeleteActions,No db found
StagingToEDW_StagingToEDW_Dimension_CenterManagement,spCMS_StagingToEDW_DimAdjustmentReason,update in ,No db found
StagingToEDW_StagingToEDW_Dimension_CenterManagement,spCMS_StagingToEDW_DimAdjustmentReason,from into Target.,Target
StagingToEDW_StagingToEDW_Dimension_CenterManagement,spCMS_StagingToEDW_DimAdjustmentReason,DECLARE @ErrMsg NVARCHAR,No db found
StagingToEDW_StagingToEDW_Dimension_CenterManagement,spCMS_StagingToEDW_DimScheduleType,Update ETL process for,No db found
StagingToEDW_StagingToEDW_Dimension_CenterManagement,spCMS_StagingToEDW_DimScheduleType,from Staging to BING_EDW.,BING_EDW
StagingToEDW_StagingToEDW_Dimension_CenterManagement,spCMS_StagingToEDW_DimScheduleType,from Source by calling,No db found
StagingToEDW_StagingToEDW_Dimension_CenterManagement,spCMS_StagingToEDW_DimScheduleType,Update  required for this EDW,No db found
StagingToEDW_StagingToEDW_Dimension_CenterManagement,spCMS_StagingToEDW_DimScheduleType,from source,No db found
StagingToEDW_StagingToEDW_Dimension_CenterManagement,spCMS_StagingToEDW_DimScheduleType,DECLARE @ProcName NVARCHAR,No db found
StagingToEDW_StagingToEDW_Dimension_CenterManagement,spCMS_StagingToEDW_DimScheduleType,DECLARE @DebugMsg NVARCHAR,No db found
StagingToEDW_StagingToEDW_Dimension_CenterManagement,spCMS_StagingToEDW_DimScheduleType,DECLARE @SourceName VARCHAR,No db found
StagingToEDW_StagingToEDW_Dimension_CenterManagement,spCMS_StagingToEDW_DimScheduleType,DECLARE @AuditId BIGINT,No db found
StagingToEDW_StagingToEDW_Dimension_CenterManagement,spCMS_StagingToEDW_DimScheduleType,DECLARE @RowCount INT,No db found
StagingToEDW_StagingToEDW_Dimension_CenterManagement,spCMS_StagingToEDW_DimScheduleType,DECLARE @Error INT,No db found
StagingToEDW_StagingToEDW_Dimension_CenterManagement,spCMS_StagingToEDW_DimScheduleType,DECLARE @SourceCount INT,No db found
StagingToEDW_StagingToEDW_Dimension_CenterManagement,spCMS_StagingToEDW_DimScheduleType,DECLARE @InsertCount INT,No db found
StagingToEDW_StagingToEDW_Dimension_CenterManagement,spCMS_StagingToEDW_DimScheduleType,DECLARE @UpdateCount INT,No db found
StagingToEDW_StagingToEDW_Dimension_CenterManagement,spCMS_StagingToEDW_DimScheduleType,DECLARE @DeleteCount INT,No db found
StagingToEDW_StagingToEDW_Dimension_CenterManagement,spCMS_StagingToEDW_DimScheduleType,DECLARE @tblMergeActions TABLE,No db found
StagingToEDW_StagingToEDW_Dimension_CenterManagement,spCMS_StagingToEDW_DimScheduleType,DECLARE @tblDeleteActions TABLE,No db found
StagingToEDW_StagingToEDW_Dimension_CenterManagement,spCMS_StagingToEDW_DimScheduleType,from Source,No db found
StagingToEDW_StagingToEDW_Dimension_CenterManagement,spCMS_StagingToEDW_DimScheduleType,from source ,No db found
StagingToEDW_StagingToEDW_Dimension_CenterManagement,spCMS_StagingToEDW_DimScheduleType,from Source.,Source
StagingToEDW_StagingToEDW_Dimension_CenterManagement,spCMS_StagingToEDW_DimScheduleType,update process for changed existing records,No db found
StagingToEDW_StagingToEDW_Dimension_CenterManagement,spCMS_StagingToEDW_DimScheduleType,"from 
		   ",No db found
StagingToEDW_StagingToEDW_Dimension_CenterManagement,spCMS_StagingToEDW_DimScheduleType,insert into the target table,No db found
StagingToEDW_StagingToEDW_Dimension_CenterManagement,spCMS_StagingToEDW_DimScheduleType,UPDATE SET,No db found
StagingToEDW_StagingToEDW_Dimension_CenterManagement,spCMS_StagingToEDW_DimScheduleType,"FROM
             ",No db found
StagingToEDW_StagingToEDW_Dimension_CenterManagement,spCMS_StagingToEDW_DimScheduleType,FROM @tblMergeActions,No db found
StagingToEDW_StagingToEDW_Dimension_CenterManagement,spCMS_StagingToEDW_DimScheduleType,FROM @tblDeleteActions,No db found
StagingToEDW_StagingToEDW_Dimension_CenterManagement,spCMS_StagingToEDW_DimScheduleType,update in ,No db found
StagingToEDW_StagingToEDW_Dimension_CenterManagement,spCMS_StagingToEDW_DimScheduleType,from into Target.,Target
StagingToEDW_StagingToEDW_Dimension_CenterManagement,spCMS_StagingToEDW_DimScheduleType,DECLARE @ErrMsg NVARCHAR,No db found
StagingToEDW_StagingToEDW_Dimension_CenterManagement,spCSS_StagingToEDW_DimTransactionCode,from Staging to BING_EDW.,BING_EDW
StagingToEDW_StagingToEDW_Dimension_CenterManagement,spCSS_StagingToEDW_DimTransactionCode,from Source by calling,No db found
StagingToEDW_StagingToEDW_Dimension_CenterManagement,spCSS_StagingToEDW_DimTransactionCode,from source,No db found
StagingToEDW_StagingToEDW_Dimension_CenterManagement,spCSS_StagingToEDW_DimTransactionCode,from SSIS DFT to stored proc,No db found
StagingToEDW_StagingToEDW_Dimension_CenterManagement,spCSS_StagingToEDW_DimTransactionCode,DECLARE @ProcName NVARCHAR,No db found
StagingToEDW_StagingToEDW_Dimension_CenterManagement,spCSS_StagingToEDW_DimTransactionCode,DECLARE @DebugMsg NVARCHAR,No db found
StagingToEDW_StagingToEDW_Dimension_CenterManagement,spCSS_StagingToEDW_DimTransactionCode,DECLARE @SourceName VARCHAR,No db found
StagingToEDW_StagingToEDW_Dimension_CenterManagement,spCSS_StagingToEDW_DimTransactionCode,DECLARE @AuditId BIGINT,No db found
StagingToEDW_StagingToEDW_Dimension_CenterManagement,spCSS_StagingToEDW_DimTransactionCode,DECLARE @RowCount INT,No db found
StagingToEDW_StagingToEDW_Dimension_CenterManagement,spCSS_StagingToEDW_DimTransactionCode,DECLARE @Error INT,No db found
StagingToEDW_StagingToEDW_Dimension_CenterManagement,spCSS_StagingToEDW_DimTransactionCode,DECLARE @SourceCount INT,No db found
StagingToEDW_StagingToEDW_Dimension_CenterManagement,spCSS_StagingToEDW_DimTransactionCode,DECLARE @InsertCount INT,No db found
StagingToEDW_StagingToEDW_Dimension_CenterManagement,spCSS_StagingToEDW_DimTransactionCode,DECLARE @UpdateCount INT,No db found
StagingToEDW_StagingToEDW_Dimension_CenterManagement,spCSS_StagingToEDW_DimTransactionCode,DECLARE @DeleteCount INT,No db found
StagingToEDW_StagingToEDW_Dimension_CenterManagement,spCSS_StagingToEDW_DimTransactionCode,DECLARE @tblMergeActions TABLE,No db found
StagingToEDW_StagingToEDW_Dimension_CenterManagement,spCSS_StagingToEDW_DimTransactionCode,DECLARE @tblDeleteActions TABLE,No db found
StagingToEDW_StagingToEDW_Dimension_CenterManagement,spCSS_StagingToEDW_DimTransactionCode,FROM Source,No db found
StagingToEDW_StagingToEDW_Dimension_CenterManagement,spCSS_StagingToEDW_DimTransactionCode,from source ,No db found
StagingToEDW_StagingToEDW_Dimension_CenterManagement,spCSS_StagingToEDW_DimTransactionCode,from Source.,Source
StagingToEDW_StagingToEDW_Dimension_CenterManagement,spCSS_StagingToEDW_DimTransactionCode,UPDATE SET,No db found
StagingToEDW_StagingToEDW_Dimension_CenterManagement,spCSS_StagingToEDW_DimTransactionCode,"FROM
             ",No db found
StagingToEDW_StagingToEDW_Dimension_CenterManagement,spCSS_StagingToEDW_DimTransactionCode,FROM @tblMergeActions,No db found
StagingToEDW_StagingToEDW_Dimension_CenterManagement,spCSS_StagingToEDW_DimTransactionCode,DECLARE @ErrMsg NVARCHAR,No db found
StagingToEDW_StagingToEDW_Dimension_CenterManagement,spCMS_StagingToEDW_DimARAgencyType,from Staging to BING_EDW.,BING_EDW
StagingToEDW_StagingToEDW_Dimension_CenterManagement,spCMS_StagingToEDW_DimARAgencyType,from Source by calling,No db found
StagingToEDW_StagingToEDW_Dimension_CenterManagement,spCMS_StagingToEDW_DimARAgencyType,from source,No db found
StagingToEDW_StagingToEDW_Dimension_CenterManagement,spCMS_StagingToEDW_DimARAgencyType,from SSIS DFT to Stored Proc as part of,No db found
StagingToEDW_StagingToEDW_Dimension_CenterManagement,spCMS_StagingToEDW_DimARAgencyType,DECLARE @ProcName NVARCHAR,No db found
StagingToEDW_StagingToEDW_Dimension_CenterManagement,spCMS_StagingToEDW_DimARAgencyType,DECLARE @DebugMsg NVARCHAR,No db found
StagingToEDW_StagingToEDW_Dimension_CenterManagement,spCMS_StagingToEDW_DimARAgencyType,DECLARE @SourceName VARCHAR,No db found
StagingToEDW_StagingToEDW_Dimension_CenterManagement,spCMS_StagingToEDW_DimARAgencyType,DECLARE @AuditId BIGINT,No db found
StagingToEDW_StagingToEDW_Dimension_CenterManagement,spCMS_StagingToEDW_DimARAgencyType,DECLARE @RowCount INT,No db found
StagingToEDW_StagingToEDW_Dimension_CenterManagement,spCMS_StagingToEDW_DimARAgencyType,DECLARE @Error INT,No db found
StagingToEDW_StagingToEDW_Dimension_CenterManagement,spCMS_StagingToEDW_DimARAgencyType,DECLARE @SourceCount INT,No db found
StagingToEDW_StagingToEDW_Dimension_CenterManagement,spCMS_StagingToEDW_DimARAgencyType,DECLARE @InsertCount INT,No db found
StagingToEDW_StagingToEDW_Dimension_CenterManagement,spCMS_StagingToEDW_DimARAgencyType,DECLARE @UpdateCount INT,No db found
StagingToEDW_StagingToEDW_Dimension_CenterManagement,spCMS_StagingToEDW_DimARAgencyType,DECLARE @DeleteCount INT,No db found
StagingToEDW_StagingToEDW_Dimension_CenterManagement,spCMS_StagingToEDW_DimARAgencyType,DECLARE @tblMergeActions TABLE,No db found
StagingToEDW_StagingToEDW_Dimension_CenterManagement,spCMS_StagingToEDW_DimARAgencyType,DECLARE @tblDeleteActions TABLE,No db found
StagingToEDW_StagingToEDW_Dimension_CenterManagement,spCMS_StagingToEDW_DimARAgencyType,FROM Source,No db found
StagingToEDW_StagingToEDW_Dimension_CenterManagement,spCMS_StagingToEDW_DimARAgencyType,from source ,No db found
StagingToEDW_StagingToEDW_Dimension_CenterManagement,spCMS_StagingToEDW_DimARAgencyType,from Source.,Source
StagingToEDW_StagingToEDW_Dimension_CenterManagement,spCMS_StagingToEDW_DimARAgencyType,UPDATE SET,No db found
StagingToEDW_StagingToEDW_Dimension_CenterManagement,spCMS_StagingToEDW_DimARAgencyType,"FROM
             ",No db found
StagingToEDW_StagingToEDW_Dimension_CenterManagement,spCMS_StagingToEDW_DimARAgencyType,FROM @tblMergeActions,No db found
StagingToEDW_StagingToEDW_Dimension_CenterManagement,spCMS_StagingToEDW_DimARAgencyType,DECLARE @ErrMsg NVARCHAR,No db found
StagingToEDW_StagingToEDW_Dimension_CenterManagement,spCSS_StagingToEDW_DimARAgencyType,from Staging to BING_EDW.,BING_EDW
StagingToEDW_StagingToEDW_Dimension_CenterManagement,spCSS_StagingToEDW_DimARAgencyType,from Source by calling,No db found
StagingToEDW_StagingToEDW_Dimension_CenterManagement,spCSS_StagingToEDW_DimARAgencyType,from source,No db found
StagingToEDW_StagingToEDW_Dimension_CenterManagement,spCSS_StagingToEDW_DimARAgencyType,from SSIS DFT to Stored Proc as part of,No db found
StagingToEDW_StagingToEDW_Dimension_CenterManagement,spCSS_StagingToEDW_DimARAgencyType,DECLARE @ProcName NVARCHAR,No db found
StagingToEDW_StagingToEDW_Dimension_CenterManagement,spCSS_StagingToEDW_DimARAgencyType,DECLARE @DebugMsg NVARCHAR,No db found
StagingToEDW_StagingToEDW_Dimension_CenterManagement,spCSS_StagingToEDW_DimARAgencyType,DECLARE @SourceName VARCHAR,No db found
StagingToEDW_StagingToEDW_Dimension_CenterManagement,spCSS_StagingToEDW_DimARAgencyType,DECLARE @AuditId BIGINT,No db found
StagingToEDW_StagingToEDW_Dimension_CenterManagement,spCSS_StagingToEDW_DimARAgencyType,DECLARE @RowCount INT,No db found
StagingToEDW_StagingToEDW_Dimension_CenterManagement,spCSS_StagingToEDW_DimARAgencyType,DECLARE @Error INT,No db found
StagingToEDW_StagingToEDW_Dimension_CenterManagement,spCSS_StagingToEDW_DimARAgencyType,DECLARE @SourceCount INT,No db found
StagingToEDW_StagingToEDW_Dimension_CenterManagement,spCSS_StagingToEDW_DimARAgencyType,DECLARE @InsertCount INT,No db found
StagingToEDW_StagingToEDW_Dimension_CenterManagement,spCSS_StagingToEDW_DimARAgencyType,DECLARE @UpdateCount INT,No db found
StagingToEDW_StagingToEDW_Dimension_CenterManagement,spCSS_StagingToEDW_DimARAgencyType,DECLARE @DeleteCount INT,No db found
StagingToEDW_StagingToEDW_Dimension_CenterManagement,spCSS_StagingToEDW_DimARAgencyType,DECLARE @tblMergeActions TABLE,No db found
StagingToEDW_StagingToEDW_Dimension_CenterManagement,spCSS_StagingToEDW_DimARAgencyType,DECLARE @tblDeleteActions TABLE,No db found
StagingToEDW_StagingToEDW_Dimension_CenterManagement,spCSS_StagingToEDW_DimARAgencyType,FROM Source,No db found
StagingToEDW_StagingToEDW_Dimension_CenterManagement,spCSS_StagingToEDW_DimARAgencyType,from source ,No db found
StagingToEDW_StagingToEDW_Dimension_CenterManagement,spCSS_StagingToEDW_DimARAgencyType,from Source.,Source
StagingToEDW_StagingToEDW_Dimension_CenterManagement,spCSS_StagingToEDW_DimARAgencyType,UPDATE SET,No db found
StagingToEDW_StagingToEDW_Dimension_CenterManagement,spCSS_StagingToEDW_DimARAgencyType,"FROM
             ",No db found
StagingToEDW_StagingToEDW_Dimension_CenterManagement,spCSS_StagingToEDW_DimARAgencyType,FROM @tblMergeActions,No db found
StagingToEDW_StagingToEDW_Dimension_CenterManagement,spCSS_StagingToEDW_DimARAgencyType,DECLARE @ErrMsg NVARCHAR,No db found
StagingToEDW_StagingToEDW_Dimension_CenterManagement,spCMS_StagingToEDW_DimClassroom,FROM sys.objects,sys
StagingToEDW_StagingToEDW_Dimension_CenterManagement,spCMS_StagingToEDW_DimClassroom,from Staging to BING_EDW.,BING_EDW
StagingToEDW_StagingToEDW_Dimension_CenterManagement,spCMS_StagingToEDW_DimClassroom,from Source by calling,No db found
StagingToEDW_StagingToEDW_Dimension_CenterManagement,spCMS_StagingToEDW_DimClassroom,from source,No db found
StagingToEDW_StagingToEDW_Dimension_CenterManagement,spCMS_StagingToEDW_DimClassroom,DECLARE @ProcName NVARCHAR,No db found
StagingToEDW_StagingToEDW_Dimension_CenterManagement,spCMS_StagingToEDW_DimClassroom,DECLARE @DebugMsg NVARCHAR,No db found
StagingToEDW_StagingToEDW_Dimension_CenterManagement,spCMS_StagingToEDW_DimClassroom,DECLARE @SourceName VARCHAR,No db found
StagingToEDW_StagingToEDW_Dimension_CenterManagement,spCMS_StagingToEDW_DimClassroom,DECLARE @AuditId BIGINT,No db found
StagingToEDW_StagingToEDW_Dimension_CenterManagement,spCMS_StagingToEDW_DimClassroom,DECLARE @RowCount INT,No db found
StagingToEDW_StagingToEDW_Dimension_CenterManagement,spCMS_StagingToEDW_DimClassroom,DECLARE @Error INT,No db found
StagingToEDW_StagingToEDW_Dimension_CenterManagement,spCMS_StagingToEDW_DimClassroom,DECLARE @SourceCount INT,No db found
StagingToEDW_StagingToEDW_Dimension_CenterManagement,spCMS_StagingToEDW_DimClassroom,DECLARE @InsertCount INT,No db found
StagingToEDW_StagingToEDW_Dimension_CenterManagement,spCMS_StagingToEDW_DimClassroom,DECLARE @UpdateCount INT,No db found
StagingToEDW_StagingToEDW_Dimension_CenterManagement,spCMS_StagingToEDW_DimClassroom,DECLARE @DeleteCount INT,No db found
StagingToEDW_StagingToEDW_Dimension_CenterManagement,spCMS_StagingToEDW_DimClassroom,DECLARE @tblMergeActions TABLE,No db found
StagingToEDW_StagingToEDW_Dimension_CenterManagement,spCMS_StagingToEDW_DimClassroom,DECLARE @tblDeleteActions TABLE,No db found
StagingToEDW_StagingToEDW_Dimension_CenterManagement,spCMS_StagingToEDW_DimClassroom,FROM Source,No db found
StagingToEDW_StagingToEDW_Dimension_CenterManagement,spCMS_StagingToEDW_DimClassroom,FROM source ,No db found
StagingToEDW_StagingToEDW_Dimension_CenterManagement,spCMS_StagingToEDW_DimClassroom,FROM Source.,Source
StagingToEDW_StagingToEDW_Dimension_CenterManagement,spCMS_StagingToEDW_DimClassroom,UPDATE SET,No db found
StagingToEDW_StagingToEDW_Dimension_CenterManagement,spCMS_StagingToEDW_DimClassroom,"FROM
             ",No db found
StagingToEDW_StagingToEDW_Dimension_CenterManagement,spCMS_StagingToEDW_DimClassroom,FROM @tblMergeActions,No db found
StagingToEDW_StagingToEDW_Dimension_CenterManagement,spCMS_StagingToEDW_DimClassroom,FROM @tblDeleteActions,No db found
StagingToEDW_StagingToEDW_Dimension_CenterManagement,spCMS_StagingToEDW_DimClassroom,update in ,No db found
StagingToEDW_StagingToEDW_Dimension_CenterManagement,spCMS_StagingToEDW_DimClassroom,FROM into Target.,Target
StagingToEDW_StagingToEDW_Dimension_CenterManagement,spCMS_StagingToEDW_DimClassroom,DECLARE @ErrMsg NVARCHAR,No db found
StagingToEDW_StagingToEDW_Dimension_CenterManagement,spCSS_StagingToEDW_DimClassroom,from Staging to BING_EDW.,BING_EDW
StagingToEDW_StagingToEDW_Dimension_CenterManagement,spCSS_StagingToEDW_DimClassroom,from Source by calling,No db found
StagingToEDW_StagingToEDW_Dimension_CenterManagement,spCSS_StagingToEDW_DimClassroom,from source,No db found
StagingToEDW_StagingToEDW_Dimension_CenterManagement,spCSS_StagingToEDW_DimClassroom,DECLARE @ProcName NVARCHAR,No db found
StagingToEDW_StagingToEDW_Dimension_CenterManagement,spCSS_StagingToEDW_DimClassroom,DECLARE @DebugMsg NVARCHAR,No db found
StagingToEDW_StagingToEDW_Dimension_CenterManagement,spCSS_StagingToEDW_DimClassroom,DECLARE @SourceName VARCHAR,No db found
StagingToEDW_StagingToEDW_Dimension_CenterManagement,spCSS_StagingToEDW_DimClassroom,DECLARE @AuditId BIGINT,No db found
StagingToEDW_StagingToEDW_Dimension_CenterManagement,spCSS_StagingToEDW_DimClassroom,DECLARE @RowCount INT,No db found
StagingToEDW_StagingToEDW_Dimension_CenterManagement,spCSS_StagingToEDW_DimClassroom,DECLARE @Error INT,No db found
StagingToEDW_StagingToEDW_Dimension_CenterManagement,spCSS_StagingToEDW_DimClassroom,DECLARE @SourceCount INT,No db found
StagingToEDW_StagingToEDW_Dimension_CenterManagement,spCSS_StagingToEDW_DimClassroom,DECLARE @InsertCount INT,No db found
StagingToEDW_StagingToEDW_Dimension_CenterManagement,spCSS_StagingToEDW_DimClassroom,DECLARE @UpdateCount INT,No db found
StagingToEDW_StagingToEDW_Dimension_CenterManagement,spCSS_StagingToEDW_DimClassroom,DECLARE @DeleteCount INT,No db found
StagingToEDW_StagingToEDW_Dimension_CenterManagement,spCSS_StagingToEDW_DimClassroom,DECLARE @tblMergeActions TABLE,No db found
StagingToEDW_StagingToEDW_Dimension_CenterManagement,spCSS_StagingToEDW_DimClassroom,DECLARE @tblDeleteActions TABLE,No db found
StagingToEDW_StagingToEDW_Dimension_CenterManagement,spCSS_StagingToEDW_DimClassroom,FROM Source,No db found
StagingToEDW_StagingToEDW_Dimension_CenterManagement,spCSS_StagingToEDW_DimClassroom,FROM source ,No db found
StagingToEDW_StagingToEDW_Dimension_CenterManagement,spCSS_StagingToEDW_DimClassroom,FROM Source.,Source
StagingToEDW_StagingToEDW_Dimension_CenterManagement,spCSS_StagingToEDW_DimClassroom,UPDATE SET,No db found
StagingToEDW_StagingToEDW_Dimension_CenterManagement,spCSS_StagingToEDW_DimClassroom,"FROM
             ",No db found
StagingToEDW_StagingToEDW_Dimension_CenterManagement,spCSS_StagingToEDW_DimClassroom,FROM @tblMergeActions,No db found
StagingToEDW_StagingToEDW_Dimension_CenterManagement,spCSS_StagingToEDW_DimClassroom,FROM @tblDeleteActions,No db found
StagingToEDW_StagingToEDW_Dimension_CenterManagement,spCSS_StagingToEDW_DimClassroom,update in ,No db found
StagingToEDW_StagingToEDW_Dimension_CenterManagement,spCSS_StagingToEDW_DimClassroom,FROM into Target.,Target
StagingToEDW_StagingToEDW_Dimension_CenterManagement,spCSS_StagingToEDW_DimClassroom,DECLARE @ErrMsg NVARCHAR,No db found
StagingToEDW_StagingToEDW_Dimension_CenterManagement,spCMS_StagingToEDW_DimCreditMemoType,from Staging to BING_EDW.,BING_EDW
StagingToEDW_StagingToEDW_Dimension_CenterManagement,spCMS_StagingToEDW_DimCreditMemoType,from Source by calling,No db found
StagingToEDW_StagingToEDW_Dimension_CenterManagement,spCMS_StagingToEDW_DimCreditMemoType,from source,No db found
StagingToEDW_StagingToEDW_Dimension_CenterManagement,spCMS_StagingToEDW_DimCreditMemoType,from SSIS building temp tables in EDW to using stored,No db found
StagingToEDW_StagingToEDW_Dimension_CenterManagement,spCMS_StagingToEDW_DimCreditMemoType,DECLARE @ProcName NVARCHAR,No db found
StagingToEDW_StagingToEDW_Dimension_CenterManagement,spCMS_StagingToEDW_DimCreditMemoType,DECLARE @DebugMsg NVARCHAR,No db found
StagingToEDW_StagingToEDW_Dimension_CenterManagement,spCMS_StagingToEDW_DimCreditMemoType,DECLARE @SourceName VARCHAR,No db found
StagingToEDW_StagingToEDW_Dimension_CenterManagement,spCMS_StagingToEDW_DimCreditMemoType,DECLARE @AuditId BIGINT,No db found
StagingToEDW_StagingToEDW_Dimension_CenterManagement,spCMS_StagingToEDW_DimCreditMemoType,DECLARE @RowCount INT,No db found
StagingToEDW_StagingToEDW_Dimension_CenterManagement,spCMS_StagingToEDW_DimCreditMemoType,DECLARE @Error INT,No db found
StagingToEDW_StagingToEDW_Dimension_CenterManagement,spCMS_StagingToEDW_DimCreditMemoType,DECLARE @SourceCount INT,No db found
StagingToEDW_StagingToEDW_Dimension_CenterManagement,spCMS_StagingToEDW_DimCreditMemoType,DECLARE @InsertCount INT,No db found
StagingToEDW_StagingToEDW_Dimension_CenterManagement,spCMS_StagingToEDW_DimCreditMemoType,DECLARE @UpdateCount INT,No db found
StagingToEDW_StagingToEDW_Dimension_CenterManagement,spCMS_StagingToEDW_DimCreditMemoType,DECLARE @DeleteCount INT,No db found
StagingToEDW_StagingToEDW_Dimension_CenterManagement,spCMS_StagingToEDW_DimCreditMemoType,DECLARE @tblMergeActions TABLE,No db found
StagingToEDW_StagingToEDW_Dimension_CenterManagement,spCMS_StagingToEDW_DimCreditMemoType,DECLARE @tblDeleteActions TABLE,No db found
StagingToEDW_StagingToEDW_Dimension_CenterManagement,spCMS_StagingToEDW_DimCreditMemoType,from Source,No db found
StagingToEDW_StagingToEDW_Dimension_CenterManagement,spCMS_StagingToEDW_DimCreditMemoType,from source ,No db found
StagingToEDW_StagingToEDW_Dimension_CenterManagement,spCMS_StagingToEDW_DimCreditMemoType,from Source.,Source
StagingToEDW_StagingToEDW_Dimension_CenterManagement,spCMS_StagingToEDW_DimCreditMemoType,UPDATE SET,No db found
StagingToEDW_StagingToEDW_Dimension_CenterManagement,spCMS_StagingToEDW_DimCreditMemoType,"FROM
             ",No db found
StagingToEDW_StagingToEDW_Dimension_CenterManagement,spCMS_StagingToEDW_DimCreditMemoType,FROM @tblMergeActions,No db found
StagingToEDW_StagingToEDW_Dimension_CenterManagement,spCMS_StagingToEDW_DimCreditMemoType,FROM @tblDeleteActions,No db found
StagingToEDW_StagingToEDW_Dimension_CenterManagement,spCMS_StagingToEDW_DimCreditMemoType,update in ,No db found
StagingToEDW_StagingToEDW_Dimension_CenterManagement,spCMS_StagingToEDW_DimCreditMemoType,from into Target.,Target
StagingToEDW_StagingToEDW_Dimension_CenterManagement,spCMS_StagingToEDW_DimCreditMemoType,DECLARE @ErrMsg NVARCHAR,No db found
StagingToEDW_StagingToEDW_Dimension_CenterManagement,spCMS_StagingToEDW_DimDiscountType,FROM sys.objects,sys
StagingToEDW_StagingToEDW_Dimension_CenterManagement,spCMS_StagingToEDW_DimDiscountType,from Staging to BING_EDW.,BING_EDW
StagingToEDW_StagingToEDW_Dimension_CenterManagement,spCMS_StagingToEDW_DimDiscountType,from Source by calling,No db found
StagingToEDW_StagingToEDW_Dimension_CenterManagement,spCMS_StagingToEDW_DimDiscountType,from source,No db found
StagingToEDW_StagingToEDW_Dimension_CenterManagement,spCMS_StagingToEDW_DimDiscountType,DECLARE @ProcName NVARCHAR,No db found
StagingToEDW_StagingToEDW_Dimension_CenterManagement,spCMS_StagingToEDW_DimDiscountType,DECLARE @DebugMsg NVARCHAR,No db found
StagingToEDW_StagingToEDW_Dimension_CenterManagement,spCMS_StagingToEDW_DimDiscountType,DECLARE @SourceName VARCHAR,No db found
StagingToEDW_StagingToEDW_Dimension_CenterManagement,spCMS_StagingToEDW_DimDiscountType,DECLARE @AuditId BIGINT,No db found
StagingToEDW_StagingToEDW_Dimension_CenterManagement,spCMS_StagingToEDW_DimDiscountType,DECLARE @RowCount INT,No db found
StagingToEDW_StagingToEDW_Dimension_CenterManagement,spCMS_StagingToEDW_DimDiscountType,DECLARE @Error INT,No db found
StagingToEDW_StagingToEDW_Dimension_CenterManagement,spCMS_StagingToEDW_DimDiscountType,DECLARE @SourceCount INT,No db found
StagingToEDW_StagingToEDW_Dimension_CenterManagement,spCMS_StagingToEDW_DimDiscountType,DECLARE @InsertCount INT,No db found
StagingToEDW_StagingToEDW_Dimension_CenterManagement,spCMS_StagingToEDW_DimDiscountType,DECLARE @UpdateCount INT,No db found
StagingToEDW_StagingToEDW_Dimension_CenterManagement,spCMS_StagingToEDW_DimDiscountType,DECLARE @DeleteCount INT,No db found
StagingToEDW_StagingToEDW_Dimension_CenterManagement,spCMS_StagingToEDW_DimDiscountType,DECLARE @tblMergeActions TABLE,No db found
StagingToEDW_StagingToEDW_Dimension_CenterManagement,spCMS_StagingToEDW_DimDiscountType,DECLARE @tblDeleteActions TABLE,No db found
StagingToEDW_StagingToEDW_Dimension_CenterManagement,spCMS_StagingToEDW_DimDiscountType,from Source,No db found
StagingToEDW_StagingToEDW_Dimension_CenterManagement,spCMS_StagingToEDW_DimDiscountType,from source ,No db found
StagingToEDW_StagingToEDW_Dimension_CenterManagement,spCMS_StagingToEDW_DimDiscountType,from Source.,Source
StagingToEDW_StagingToEDW_Dimension_CenterManagement,spCMS_StagingToEDW_DimDiscountType,UPDATE SET,No db found
StagingToEDW_StagingToEDW_Dimension_CenterManagement,spCMS_StagingToEDW_DimDiscountType,"FROM
             ",No db found
StagingToEDW_StagingToEDW_Dimension_CenterManagement,spCMS_StagingToEDW_DimDiscountType,FROM @tblMergeActions,No db found
StagingToEDW_StagingToEDW_Dimension_CenterManagement,spCMS_StagingToEDW_DimDiscountType,FROM @tblDeleteActions,No db found
StagingToEDW_StagingToEDW_Dimension_CenterManagement,spCMS_StagingToEDW_DimDiscountType,update in ,No db found
StagingToEDW_StagingToEDW_Dimension_CenterManagement,spCMS_StagingToEDW_DimDiscountType,from into Target.,Target
StagingToEDW_StagingToEDW_Dimension_CenterManagement,spCMS_StagingToEDW_DimDiscountType,DECLARE @ErrMsg NVARCHAR,No db found
StagingToEDW_StagingToEDW_Dimension_CenterManagement,spCSS_StagingToEDW_DimDiscountType,from Staging to BING_EDW.,BING_EDW
StagingToEDW_StagingToEDW_Dimension_CenterManagement,spCSS_StagingToEDW_DimDiscountType,from Source by calling,No db found
StagingToEDW_StagingToEDW_Dimension_CenterManagement,spCSS_StagingToEDW_DimDiscountType,from source,No db found
StagingToEDW_StagingToEDW_Dimension_CenterManagement,spCSS_StagingToEDW_DimDiscountType,from SSIS DFT to stored proc,No db found
StagingToEDW_StagingToEDW_Dimension_CenterManagement,spCSS_StagingToEDW_DimDiscountType,DECLARE @ProcName NVARCHAR,No db found
StagingToEDW_StagingToEDW_Dimension_CenterManagement,spCSS_StagingToEDW_DimDiscountType,DECLARE @DebugMsg NVARCHAR,No db found
StagingToEDW_StagingToEDW_Dimension_CenterManagement,spCSS_StagingToEDW_DimDiscountType,DECLARE @SourceName VARCHAR,No db found
StagingToEDW_StagingToEDW_Dimension_CenterManagement,spCSS_StagingToEDW_DimDiscountType,DECLARE @AuditId BIGINT,No db found
StagingToEDW_StagingToEDW_Dimension_CenterManagement,spCSS_StagingToEDW_DimDiscountType,DECLARE @RowCount INT,No db found
StagingToEDW_StagingToEDW_Dimension_CenterManagement,spCSS_StagingToEDW_DimDiscountType,DECLARE @Error INT,No db found
StagingToEDW_StagingToEDW_Dimension_CenterManagement,spCSS_StagingToEDW_DimDiscountType,DECLARE @SourceCount INT,No db found
StagingToEDW_StagingToEDW_Dimension_CenterManagement,spCSS_StagingToEDW_DimDiscountType,DECLARE @InsertCount INT,No db found
StagingToEDW_StagingToEDW_Dimension_CenterManagement,spCSS_StagingToEDW_DimDiscountType,DECLARE @UpdateCount INT,No db found
StagingToEDW_StagingToEDW_Dimension_CenterManagement,spCSS_StagingToEDW_DimDiscountType,DECLARE @DeleteCount INT,No db found
StagingToEDW_StagingToEDW_Dimension_CenterManagement,spCSS_StagingToEDW_DimDiscountType,DECLARE @tblMergeActions TABLE,No db found
StagingToEDW_StagingToEDW_Dimension_CenterManagement,spCSS_StagingToEDW_DimDiscountType,DECLARE @tblDeleteActions TABLE,No db found
StagingToEDW_StagingToEDW_Dimension_CenterManagement,spCSS_StagingToEDW_DimDiscountType,FROM Source,No db found
StagingToEDW_StagingToEDW_Dimension_CenterManagement,spCSS_StagingToEDW_DimDiscountType,from source ,No db found
StagingToEDW_StagingToEDW_Dimension_CenterManagement,spCSS_StagingToEDW_DimDiscountType,from Source.,Source
StagingToEDW_StagingToEDW_Dimension_CenterManagement,spCSS_StagingToEDW_DimDiscountType,UPDATE SET,No db found
StagingToEDW_StagingToEDW_Dimension_CenterManagement,spCSS_StagingToEDW_DimDiscountType,"FROM
             ",No db found
StagingToEDW_StagingToEDW_Dimension_CenterManagement,spCSS_StagingToEDW_DimDiscountType,FROM @tblMergeActions,No db found
StagingToEDW_StagingToEDW_Dimension_CenterManagement,spCSS_StagingToEDW_DimDiscountType,DECLARE @ErrMsg NVARCHAR,No db found
StagingToEDW_StagingToEDW_Dimension_CenterManagement,spCMS_StagingToEDW_DimFeeType,from Staging to BING_EDW.,BING_EDW
StagingToEDW_StagingToEDW_Dimension_CenterManagement,spCMS_StagingToEDW_DimFeeType,from Source by calling,No db found
StagingToEDW_StagingToEDW_Dimension_CenterManagement,spCMS_StagingToEDW_DimFeeType,from step 3,No db found
StagingToEDW_StagingToEDW_Dimension_CenterManagement,spCMS_StagingToEDW_DimFeeType,from source,No db found
StagingToEDW_StagingToEDW_Dimension_CenterManagement,spCMS_StagingToEDW_DimFeeType,DECLARE @ProcName NVARCHAR,No db found
StagingToEDW_StagingToEDW_Dimension_CenterManagement,spCMS_StagingToEDW_DimFeeType,DECLARE @DebugMsg NVARCHAR,No db found
StagingToEDW_StagingToEDW_Dimension_CenterManagement,spCMS_StagingToEDW_DimFeeType,DECLARE @SourceName VARCHAR,No db found
StagingToEDW_StagingToEDW_Dimension_CenterManagement,spCMS_StagingToEDW_DimFeeType,DECLARE @AuditId BIGINT,No db found
StagingToEDW_StagingToEDW_Dimension_CenterManagement,spCMS_StagingToEDW_DimFeeType,DECLARE @RowCount INT,No db found
StagingToEDW_StagingToEDW_Dimension_CenterManagement,spCMS_StagingToEDW_DimFeeType,DECLARE @Error INT,No db found
StagingToEDW_StagingToEDW_Dimension_CenterManagement,spCMS_StagingToEDW_DimFeeType,DECLARE @SourceCount INT,No db found
StagingToEDW_StagingToEDW_Dimension_CenterManagement,spCMS_StagingToEDW_DimFeeType,DECLARE @InsertCount INT,No db found
StagingToEDW_StagingToEDW_Dimension_CenterManagement,spCMS_StagingToEDW_DimFeeType,DECLARE @UpdateCount INT,No db found
StagingToEDW_StagingToEDW_Dimension_CenterManagement,spCMS_StagingToEDW_DimFeeType,DECLARE @DeleteCount INT,No db found
StagingToEDW_StagingToEDW_Dimension_CenterManagement,spCMS_StagingToEDW_DimFeeType,DECLARE @tblMergeActions TABLE,No db found
StagingToEDW_StagingToEDW_Dimension_CenterManagement,spCMS_StagingToEDW_DimFeeType,DECLARE @tblDeleteActions TABLE,No db found
StagingToEDW_StagingToEDW_Dimension_CenterManagement,spCMS_StagingToEDW_DimFeeType,from Source,No db found
StagingToEDW_StagingToEDW_Dimension_CenterManagement,spCMS_StagingToEDW_DimFeeType,from source ,No db found
StagingToEDW_StagingToEDW_Dimension_CenterManagement,spCMS_StagingToEDW_DimFeeType,from Source.,Source
StagingToEDW_StagingToEDW_Dimension_CenterManagement,spCMS_StagingToEDW_DimFeeType,update process for changed existing records,No db found
StagingToEDW_StagingToEDW_Dimension_CenterManagement,spCMS_StagingToEDW_DimFeeType,"from 
		   ",No db found
StagingToEDW_StagingToEDW_Dimension_CenterManagement,spCMS_StagingToEDW_DimFeeType,insert into the target table,No db found
StagingToEDW_StagingToEDW_Dimension_CenterManagement,spCMS_StagingToEDW_DimFeeType,UPDATE SET,No db found
StagingToEDW_StagingToEDW_Dimension_CenterManagement,spCMS_StagingToEDW_DimFeeType,"FROM
             ",No db found
StagingToEDW_StagingToEDW_Dimension_CenterManagement,spCMS_StagingToEDW_DimFeeType,FROM @tblMergeActions,No db found
StagingToEDW_StagingToEDW_Dimension_CenterManagement,spCMS_StagingToEDW_DimFeeType,FROM @tblDeleteActions,No db found
StagingToEDW_StagingToEDW_Dimension_CenterManagement,spCMS_StagingToEDW_DimFeeType,update in ,No db found
StagingToEDW_StagingToEDW_Dimension_CenterManagement,spCMS_StagingToEDW_DimFeeType,from into Target.,Target
StagingToEDW_StagingToEDW_Dimension_CenterManagement,spCMS_StagingToEDW_DimFeeType,DECLARE @ErrMsg NVARCHAR,No db found
StagingToEDW_StagingToEDW_Dimension_CenterManagement,spCSS_StagingToEDW_DimFeeType,from Staging to BING_EDW.,BING_EDW
StagingToEDW_StagingToEDW_Dimension_CenterManagement,spCSS_StagingToEDW_DimFeeType,from Source by calling,No db found
StagingToEDW_StagingToEDW_Dimension_CenterManagement,spCSS_StagingToEDW_DimFeeType,from source,No db found
StagingToEDW_StagingToEDW_Dimension_CenterManagement,spCSS_StagingToEDW_DimFeeType,from SSIS DFT to stored proc,No db found
StagingToEDW_StagingToEDW_Dimension_CenterManagement,spCSS_StagingToEDW_DimFeeType,DECLARE @ProcName NVARCHAR,No db found
StagingToEDW_StagingToEDW_Dimension_CenterManagement,spCSS_StagingToEDW_DimFeeType,DECLARE @DebugMsg NVARCHAR,No db found
StagingToEDW_StagingToEDW_Dimension_CenterManagement,spCSS_StagingToEDW_DimFeeType,DECLARE @SourceName VARCHAR,No db found
StagingToEDW_StagingToEDW_Dimension_CenterManagement,spCSS_StagingToEDW_DimFeeType,DECLARE @AuditId BIGINT,No db found
StagingToEDW_StagingToEDW_Dimension_CenterManagement,spCSS_StagingToEDW_DimFeeType,DECLARE @RowCount INT,No db found
StagingToEDW_StagingToEDW_Dimension_CenterManagement,spCSS_StagingToEDW_DimFeeType,DECLARE @Error INT,No db found
StagingToEDW_StagingToEDW_Dimension_CenterManagement,spCSS_StagingToEDW_DimFeeType,DECLARE @SourceCount INT,No db found
StagingToEDW_StagingToEDW_Dimension_CenterManagement,spCSS_StagingToEDW_DimFeeType,DECLARE @InsertCount INT,No db found
StagingToEDW_StagingToEDW_Dimension_CenterManagement,spCSS_StagingToEDW_DimFeeType,DECLARE @UpdateCount INT,No db found
StagingToEDW_StagingToEDW_Dimension_CenterManagement,spCSS_StagingToEDW_DimFeeType,DECLARE @DeleteCount INT,No db found
StagingToEDW_StagingToEDW_Dimension_CenterManagement,spCSS_StagingToEDW_DimFeeType,DECLARE @tblMergeActions TABLE,No db found
StagingToEDW_StagingToEDW_Dimension_CenterManagement,spCSS_StagingToEDW_DimFeeType,DECLARE @tblDeleteActions TABLE,No db found
StagingToEDW_StagingToEDW_Dimension_CenterManagement,spCSS_StagingToEDW_DimFeeType,FROM Source,No db found
StagingToEDW_StagingToEDW_Dimension_CenterManagement,spCSS_StagingToEDW_DimFeeType,from source ,No db found
StagingToEDW_StagingToEDW_Dimension_CenterManagement,spCSS_StagingToEDW_DimFeeType,from Source.,Source
StagingToEDW_StagingToEDW_Dimension_CenterManagement,spCSS_StagingToEDW_DimFeeType,UPDATE SET,No db found
StagingToEDW_StagingToEDW_Dimension_CenterManagement,spCSS_StagingToEDW_DimFeeType,"FROM
             ",No db found
StagingToEDW_StagingToEDW_Dimension_CenterManagement,spCSS_StagingToEDW_DimFeeType,FROM @tblMergeActions,No db found
StagingToEDW_StagingToEDW_Dimension_CenterManagement,spCSS_StagingToEDW_DimFeeType,DECLARE @ErrMsg NVARCHAR,No db found
StagingToEDW_StagingToEDW_Dimension_CenterManagement,spCMS_StagingToEDW_DimInvoiceType,from Staging to BING_EDW.,BING_EDW
StagingToEDW_StagingToEDW_Dimension_CenterManagement,spCMS_StagingToEDW_DimInvoiceType,from Source by calling,No db found
StagingToEDW_StagingToEDW_Dimension_CenterManagement,spCMS_StagingToEDW_DimInvoiceType,from source,No db found
StagingToEDW_StagingToEDW_Dimension_CenterManagement,spCMS_StagingToEDW_DimInvoiceType,DECLARE @ProcName NVARCHAR,No db found
StagingToEDW_StagingToEDW_Dimension_CenterManagement,spCMS_StagingToEDW_DimInvoiceType,DECLARE @DebugMsg NVARCHAR,No db found
StagingToEDW_StagingToEDW_Dimension_CenterManagement,spCMS_StagingToEDW_DimInvoiceType,DECLARE @SourceName VARCHAR,No db found
StagingToEDW_StagingToEDW_Dimension_CenterManagement,spCMS_StagingToEDW_DimInvoiceType,DECLARE @AuditId BIGINT,No db found
StagingToEDW_StagingToEDW_Dimension_CenterManagement,spCMS_StagingToEDW_DimInvoiceType,DECLARE @RowCount INT,No db found
StagingToEDW_StagingToEDW_Dimension_CenterManagement,spCMS_StagingToEDW_DimInvoiceType,DECLARE @Error INT,No db found
StagingToEDW_StagingToEDW_Dimension_CenterManagement,spCMS_StagingToEDW_DimInvoiceType,DECLARE @SourceCount INT,No db found
StagingToEDW_StagingToEDW_Dimension_CenterManagement,spCMS_StagingToEDW_DimInvoiceType,DECLARE @InsertCount INT,No db found
StagingToEDW_StagingToEDW_Dimension_CenterManagement,spCMS_StagingToEDW_DimInvoiceType,DECLARE @UpdateCount INT,No db found
StagingToEDW_StagingToEDW_Dimension_CenterManagement,spCMS_StagingToEDW_DimInvoiceType,DECLARE @DeleteCount INT,No db found
StagingToEDW_StagingToEDW_Dimension_CenterManagement,spCMS_StagingToEDW_DimInvoiceType,DECLARE @tblMergeActions TABLE,No db found
StagingToEDW_StagingToEDW_Dimension_CenterManagement,spCMS_StagingToEDW_DimInvoiceType,DECLARE @tblDeleteActions TABLE,No db found
StagingToEDW_StagingToEDW_Dimension_CenterManagement,spCMS_StagingToEDW_DimInvoiceType,from Source,No db found
StagingToEDW_StagingToEDW_Dimension_CenterManagement,spCMS_StagingToEDW_DimInvoiceType,from source ,No db found
StagingToEDW_StagingToEDW_Dimension_CenterManagement,spCMS_StagingToEDW_DimInvoiceType,from Source.,Source
StagingToEDW_StagingToEDW_Dimension_CenterManagement,spCMS_StagingToEDW_DimInvoiceType,UPDATE SET,No db found
StagingToEDW_StagingToEDW_Dimension_CenterManagement,spCMS_StagingToEDW_DimInvoiceType,"FROM
             ",No db found
StagingToEDW_StagingToEDW_Dimension_CenterManagement,spCMS_StagingToEDW_DimInvoiceType,FROM @tblMergeActions,No db found
StagingToEDW_StagingToEDW_Dimension_CenterManagement,spCMS_StagingToEDW_DimInvoiceType,FROM @tblDeleteActions,No db found
StagingToEDW_StagingToEDW_Dimension_CenterManagement,spCMS_StagingToEDW_DimInvoiceType,update in ,No db found
StagingToEDW_StagingToEDW_Dimension_CenterManagement,spCMS_StagingToEDW_DimInvoiceType,from into Target.,Target
StagingToEDW_StagingToEDW_Dimension_CenterManagement,spCMS_StagingToEDW_DimInvoiceType,DECLARE @ErrMsg NVARCHAR,No db found
StagingToEDW_StagingToEDW_Dimension_CenterManagement,spCMS_StagingToEDW_DimPaymentType,Update ETL process for,No db found
StagingToEDW_StagingToEDW_Dimension_CenterManagement,spCMS_StagingToEDW_DimPaymentType,from Staging to BING_EDW.,BING_EDW
StagingToEDW_StagingToEDW_Dimension_CenterManagement,spCMS_StagingToEDW_DimPaymentType,from Source by calling,No db found
StagingToEDW_StagingToEDW_Dimension_CenterManagement,spCMS_StagingToEDW_DimPaymentType,Update  required for this EDW,No db found
StagingToEDW_StagingToEDW_Dimension_CenterManagement,spCMS_StagingToEDW_DimPaymentType,from source,No db found
StagingToEDW_StagingToEDW_Dimension_CenterManagement,spCMS_StagingToEDW_DimPaymentType,DECLARE @ProcName NVARCHAR,No db found
StagingToEDW_StagingToEDW_Dimension_CenterManagement,spCMS_StagingToEDW_DimPaymentType,DECLARE @DebugMsg NVARCHAR,No db found
StagingToEDW_StagingToEDW_Dimension_CenterManagement,spCMS_StagingToEDW_DimPaymentType,DECLARE @SourceName VARCHAR,No db found
StagingToEDW_StagingToEDW_Dimension_CenterManagement,spCMS_StagingToEDW_DimPaymentType,DECLARE @AuditId BIGINT,No db found
StagingToEDW_StagingToEDW_Dimension_CenterManagement,spCMS_StagingToEDW_DimPaymentType,DECLARE @RowCount INT,No db found
StagingToEDW_StagingToEDW_Dimension_CenterManagement,spCMS_StagingToEDW_DimPaymentType,DECLARE @Error INT,No db found
StagingToEDW_StagingToEDW_Dimension_CenterManagement,spCMS_StagingToEDW_DimPaymentType,DECLARE @SourceCount INT,No db found
StagingToEDW_StagingToEDW_Dimension_CenterManagement,spCMS_StagingToEDW_DimPaymentType,DECLARE @InsertCount INT,No db found
StagingToEDW_StagingToEDW_Dimension_CenterManagement,spCMS_StagingToEDW_DimPaymentType,DECLARE @UpdateCount INT,No db found
StagingToEDW_StagingToEDW_Dimension_CenterManagement,spCMS_StagingToEDW_DimPaymentType,DECLARE @DeleteCount INT,No db found
StagingToEDW_StagingToEDW_Dimension_CenterManagement,spCMS_StagingToEDW_DimPaymentType,DECLARE @tblMergeActions TABLE,No db found
StagingToEDW_StagingToEDW_Dimension_CenterManagement,spCMS_StagingToEDW_DimPaymentType,DECLARE @tblDeleteActions TABLE,No db found
StagingToEDW_StagingToEDW_Dimension_CenterManagement,spCMS_StagingToEDW_DimPaymentType,from Source,No db found
StagingToEDW_StagingToEDW_Dimension_CenterManagement,spCMS_StagingToEDW_DimPaymentType,from source ,No db found
StagingToEDW_StagingToEDW_Dimension_CenterManagement,spCMS_StagingToEDW_DimPaymentType,from Source.,Source
StagingToEDW_StagingToEDW_Dimension_CenterManagement,spCMS_StagingToEDW_DimPaymentType,update process for changed existing records,No db found
StagingToEDW_StagingToEDW_Dimension_CenterManagement,spCMS_StagingToEDW_DimPaymentType,"from 
		   ",No db found
StagingToEDW_StagingToEDW_Dimension_CenterManagement,spCMS_StagingToEDW_DimPaymentType,insert into the target table,No db found
StagingToEDW_StagingToEDW_Dimension_CenterManagement,spCMS_StagingToEDW_DimPaymentType,UPDATE SET,No db found
StagingToEDW_StagingToEDW_Dimension_CenterManagement,spCMS_StagingToEDW_DimPaymentType,"FROM
             ",No db found
StagingToEDW_StagingToEDW_Dimension_CenterManagement,spCMS_StagingToEDW_DimPaymentType,FROM @tblMergeActions,No db found
StagingToEDW_StagingToEDW_Dimension_CenterManagement,spCMS_StagingToEDW_DimPaymentType,FROM @tblDeleteActions,No db found
StagingToEDW_StagingToEDW_Dimension_CenterManagement,spCMS_StagingToEDW_DimPaymentType,update in ,No db found
StagingToEDW_StagingToEDW_Dimension_CenterManagement,spCMS_StagingToEDW_DimPaymentType,from into Target.,Target
StagingToEDW_StagingToEDW_Dimension_CenterManagement,spCMS_StagingToEDW_DimPaymentType,DECLARE @ErrMsg NVARCHAR,No db found
StagingToEDW_StagingToEDW_Dimension_CenterManagement,spCSS_StagingToEDW_DimPaymentType,from Staging to BING_EDW.,BING_EDW
StagingToEDW_StagingToEDW_Dimension_CenterManagement,spCSS_StagingToEDW_DimPaymentType,from Source by calling,No db found
StagingToEDW_StagingToEDW_Dimension_CenterManagement,spCSS_StagingToEDW_DimPaymentType,from source,No db found
StagingToEDW_StagingToEDW_Dimension_CenterManagement,spCSS_StagingToEDW_DimPaymentType,from SSIS DFT to stored proc,No db found
StagingToEDW_StagingToEDW_Dimension_CenterManagement,spCSS_StagingToEDW_DimPaymentType,DECLARE @ProcName NVARCHAR,No db found
StagingToEDW_StagingToEDW_Dimension_CenterManagement,spCSS_StagingToEDW_DimPaymentType,DECLARE @DebugMsg NVARCHAR,No db found
StagingToEDW_StagingToEDW_Dimension_CenterManagement,spCSS_StagingToEDW_DimPaymentType,DECLARE @SourceName VARCHAR,No db found
StagingToEDW_StagingToEDW_Dimension_CenterManagement,spCSS_StagingToEDW_DimPaymentType,DECLARE @AuditId BIGINT,No db found
StagingToEDW_StagingToEDW_Dimension_CenterManagement,spCSS_StagingToEDW_DimPaymentType,DECLARE @RowCount INT,No db found
StagingToEDW_StagingToEDW_Dimension_CenterManagement,spCSS_StagingToEDW_DimPaymentType,DECLARE @Error INT,No db found
StagingToEDW_StagingToEDW_Dimension_CenterManagement,spCSS_StagingToEDW_DimPaymentType,DECLARE @SourceCount INT,No db found
StagingToEDW_StagingToEDW_Dimension_CenterManagement,spCSS_StagingToEDW_DimPaymentType,DECLARE @InsertCount INT,No db found
StagingToEDW_StagingToEDW_Dimension_CenterManagement,spCSS_StagingToEDW_DimPaymentType,DECLARE @UpdateCount INT,No db found
StagingToEDW_StagingToEDW_Dimension_CenterManagement,spCSS_StagingToEDW_DimPaymentType,DECLARE @DeleteCount INT,No db found
StagingToEDW_StagingToEDW_Dimension_CenterManagement,spCSS_StagingToEDW_DimPaymentType,DECLARE @tblMergeActions TABLE,No db found
StagingToEDW_StagingToEDW_Dimension_CenterManagement,spCSS_StagingToEDW_DimPaymentType,DECLARE @tblDeleteActions TABLE,No db found
StagingToEDW_StagingToEDW_Dimension_CenterManagement,spCSS_StagingToEDW_DimPaymentType,FROM Source,No db found
StagingToEDW_StagingToEDW_Dimension_CenterManagement,spCSS_StagingToEDW_DimPaymentType,from source ,No db found
StagingToEDW_StagingToEDW_Dimension_CenterManagement,spCSS_StagingToEDW_DimPaymentType,from Source.,Source
StagingToEDW_StagingToEDW_Dimension_CenterManagement,spCSS_StagingToEDW_DimPaymentType,UPDATE SET,No db found
StagingToEDW_StagingToEDW_Dimension_CenterManagement,spCSS_StagingToEDW_DimPaymentType,"FROM
             ",No db found
StagingToEDW_StagingToEDW_Dimension_CenterManagement,spCSS_StagingToEDW_DimPaymentType,FROM @tblMergeActions,No db found
StagingToEDW_StagingToEDW_Dimension_CenterManagement,spCSS_StagingToEDW_DimPaymentType,DECLARE @ErrMsg NVARCHAR,No db found
StagingToEDW_StagingToEDW_Dimension_CenterManagement,spCMS_StagingToEDW_DimProgram,FROM sys.objects,sys
StagingToEDW_StagingToEDW_Dimension_CenterManagement,spCMS_StagingToEDW_DimProgram,from Staging to BING_EDW.,BING_EDW
StagingToEDW_StagingToEDW_Dimension_CenterManagement,spCMS_StagingToEDW_DimProgram,from Source by calling,No db found
StagingToEDW_StagingToEDW_Dimension_CenterManagement,spCMS_StagingToEDW_DimProgram,from source,No db found
StagingToEDW_StagingToEDW_Dimension_CenterManagement,spCMS_StagingToEDW_DimProgram,DECLARE @ProcName NVARCHAR,No db found
StagingToEDW_StagingToEDW_Dimension_CenterManagement,spCMS_StagingToEDW_DimProgram,DECLARE @DebugMsg NVARCHAR,No db found
StagingToEDW_StagingToEDW_Dimension_CenterManagement,spCMS_StagingToEDW_DimProgram,DECLARE @SourceName VARCHAR,No db found
StagingToEDW_StagingToEDW_Dimension_CenterManagement,spCMS_StagingToEDW_DimProgram,DECLARE @AuditId BIGINT,No db found
StagingToEDW_StagingToEDW_Dimension_CenterManagement,spCMS_StagingToEDW_DimProgram,DECLARE @RowCount INT,No db found
StagingToEDW_StagingToEDW_Dimension_CenterManagement,spCMS_StagingToEDW_DimProgram,DECLARE @Error INT,No db found
StagingToEDW_StagingToEDW_Dimension_CenterManagement,spCMS_StagingToEDW_DimProgram,DECLARE @SourceCount INT,No db found
StagingToEDW_StagingToEDW_Dimension_CenterManagement,spCMS_StagingToEDW_DimProgram,DECLARE @InsertCount INT,No db found
StagingToEDW_StagingToEDW_Dimension_CenterManagement,spCMS_StagingToEDW_DimProgram,DECLARE @UpdateCount INT,No db found
StagingToEDW_StagingToEDW_Dimension_CenterManagement,spCMS_StagingToEDW_DimProgram,DECLARE @DeleteCount INT,No db found
StagingToEDW_StagingToEDW_Dimension_CenterManagement,spCMS_StagingToEDW_DimProgram,DECLARE @tblMergeActions TABLE,No db found
StagingToEDW_StagingToEDW_Dimension_CenterManagement,spCMS_StagingToEDW_DimProgram,DECLARE @tblDeleteActions TABLE,No db found
StagingToEDW_StagingToEDW_Dimension_CenterManagement,spCMS_StagingToEDW_DimProgram,from Source,No db found
StagingToEDW_StagingToEDW_Dimension_CenterManagement,spCMS_StagingToEDW_DimProgram,from source ,No db found
StagingToEDW_StagingToEDW_Dimension_CenterManagement,spCMS_StagingToEDW_DimProgram,from Source.,Source
StagingToEDW_StagingToEDW_Dimension_CenterManagement,spCMS_StagingToEDW_DimProgram,UPDATE SET,No db found
StagingToEDW_StagingToEDW_Dimension_CenterManagement,spCMS_StagingToEDW_DimProgram,"FROM
             ",No db found
StagingToEDW_StagingToEDW_Dimension_CenterManagement,spCMS_StagingToEDW_DimProgram,FROM @tblMergeActions,No db found
StagingToEDW_StagingToEDW_Dimension_CenterManagement,spCMS_StagingToEDW_DimProgram,FROM @tblDeleteActions,No db found
StagingToEDW_StagingToEDW_Dimension_CenterManagement,spCMS_StagingToEDW_DimProgram,update in ,No db found
StagingToEDW_StagingToEDW_Dimension_CenterManagement,spCMS_StagingToEDW_DimProgram,from into Target.,Target
StagingToEDW_StagingToEDW_Dimension_CenterManagement,spCMS_StagingToEDW_DimProgram,DECLARE @ErrMsg NVARCHAR,No db found
StagingToEDW_StagingToEDW_Dimension_CenterManagement,spCSS_StagingToEDW_DimProgram,from Staging to BING_EDW.,BING_EDW
StagingToEDW_StagingToEDW_Dimension_CenterManagement,spCSS_StagingToEDW_DimProgram,from Source by calling,No db found
StagingToEDW_StagingToEDW_Dimension_CenterManagement,spCSS_StagingToEDW_DimProgram,from source,No db found
StagingToEDW_StagingToEDW_Dimension_CenterManagement,spCSS_StagingToEDW_DimProgram,from SSIS DFT to stored proc,No db found
StagingToEDW_StagingToEDW_Dimension_CenterManagement,spCSS_StagingToEDW_DimProgram,DECLARE @ProcName NVARCHAR,No db found
StagingToEDW_StagingToEDW_Dimension_CenterManagement,spCSS_StagingToEDW_DimProgram,DECLARE @DebugMsg NVARCHAR,No db found
StagingToEDW_StagingToEDW_Dimension_CenterManagement,spCSS_StagingToEDW_DimProgram,DECLARE @SourceName VARCHAR,No db found
StagingToEDW_StagingToEDW_Dimension_CenterManagement,spCSS_StagingToEDW_DimProgram,DECLARE @AuditId BIGINT,No db found
StagingToEDW_StagingToEDW_Dimension_CenterManagement,spCSS_StagingToEDW_DimProgram,DECLARE @RowCount INT,No db found
StagingToEDW_StagingToEDW_Dimension_CenterManagement,spCSS_StagingToEDW_DimProgram,DECLARE @Error INT,No db found
StagingToEDW_StagingToEDW_Dimension_CenterManagement,spCSS_StagingToEDW_DimProgram,DECLARE @SourceCount INT,No db found
StagingToEDW_StagingToEDW_Dimension_CenterManagement,spCSS_StagingToEDW_DimProgram,DECLARE @InsertCount INT,No db found
StagingToEDW_StagingToEDW_Dimension_CenterManagement,spCSS_StagingToEDW_DimProgram,DECLARE @UpdateCount INT,No db found
StagingToEDW_StagingToEDW_Dimension_CenterManagement,spCSS_StagingToEDW_DimProgram,DECLARE @DeleteCount INT,No db found
StagingToEDW_StagingToEDW_Dimension_CenterManagement,spCSS_StagingToEDW_DimProgram,DECLARE @tblMergeActions TABLE,No db found
StagingToEDW_StagingToEDW_Dimension_CenterManagement,spCSS_StagingToEDW_DimProgram,DECLARE @tblDeleteActions TABLE,No db found
StagingToEDW_StagingToEDW_Dimension_CenterManagement,spCSS_StagingToEDW_DimProgram,FROM Source,No db found
StagingToEDW_StagingToEDW_Dimension_CenterManagement,spCSS_StagingToEDW_DimProgram,from source ,No db found
StagingToEDW_StagingToEDW_Dimension_CenterManagement,spCSS_StagingToEDW_DimProgram,from Source.,Source
StagingToEDW_StagingToEDW_Dimension_CenterManagement,spCSS_StagingToEDW_DimProgram,UPDATE SET,No db found
StagingToEDW_StagingToEDW_Dimension_CenterManagement,spCSS_StagingToEDW_DimProgram,"FROM
             ",No db found
StagingToEDW_StagingToEDW_Dimension_CenterManagement,spCSS_StagingToEDW_DimProgram,FROM @tblMergeActions,No db found
StagingToEDW_StagingToEDW_Dimension_CenterManagement,spCSS_StagingToEDW_DimProgram,DECLARE @ErrMsg NVARCHAR,No db found
StagingToEDW_StagingToEDW_Dimension_CenterManagement,spCMS_StagingToEDW_DimSession,from Staging to BING_EDW.,BING_EDW
StagingToEDW_StagingToEDW_Dimension_CenterManagement,spCMS_StagingToEDW_DimSession,from Source by calling,No db found
StagingToEDW_StagingToEDW_Dimension_CenterManagement,spCMS_StagingToEDW_DimSession,from step 3,No db found
StagingToEDW_StagingToEDW_Dimension_CenterManagement,spCMS_StagingToEDW_DimSession,from source,No db found
StagingToEDW_StagingToEDW_Dimension_CenterManagement,spCMS_StagingToEDW_DimSession,from SSIS building temp tables in EDW to using stored,No db found
StagingToEDW_StagingToEDW_Dimension_CenterManagement,spCMS_StagingToEDW_DimSession,DECLARE @ProcName NVARCHAR,No db found
StagingToEDW_StagingToEDW_Dimension_CenterManagement,spCMS_StagingToEDW_DimSession,DECLARE @DebugMsg NVARCHAR,No db found
StagingToEDW_StagingToEDW_Dimension_CenterManagement,spCMS_StagingToEDW_DimSession,DECLARE @SourceName VARCHAR,No db found
StagingToEDW_StagingToEDW_Dimension_CenterManagement,spCMS_StagingToEDW_DimSession,DECLARE @AuditId BIGINT,No db found
StagingToEDW_StagingToEDW_Dimension_CenterManagement,spCMS_StagingToEDW_DimSession,DECLARE @RowCount INT,No db found
StagingToEDW_StagingToEDW_Dimension_CenterManagement,spCMS_StagingToEDW_DimSession,DECLARE @Error INT,No db found
StagingToEDW_StagingToEDW_Dimension_CenterManagement,spCMS_StagingToEDW_DimSession,DECLARE @SourceCount INT,No db found
StagingToEDW_StagingToEDW_Dimension_CenterManagement,spCMS_StagingToEDW_DimSession,DECLARE @InsertCount INT,No db found
StagingToEDW_StagingToEDW_Dimension_CenterManagement,spCMS_StagingToEDW_DimSession,DECLARE @UpdateCount INT,No db found
StagingToEDW_StagingToEDW_Dimension_CenterManagement,spCMS_StagingToEDW_DimSession,DECLARE @DeleteCount INT,No db found
StagingToEDW_StagingToEDW_Dimension_CenterManagement,spCMS_StagingToEDW_DimSession,DECLARE @tblMrgeActions_SCD2 TABLE,No db found
StagingToEDW_StagingToEDW_Dimension_CenterManagement,spCMS_StagingToEDW_DimSession,from Source,No db found
StagingToEDW_StagingToEDW_Dimension_CenterManagement,spCMS_StagingToEDW_DimSession,from source ,No db found
StagingToEDW_StagingToEDW_Dimension_CenterManagement,spCMS_StagingToEDW_DimSession,from Source.,Source
StagingToEDW_StagingToEDW_Dimension_CenterManagement,spCMS_StagingToEDW_DimSession,update process for changed existing records,No db found
StagingToEDW_StagingToEDW_Dimension_CenterManagement,spCMS_StagingToEDW_DimSession,"from 
		   ",No db found
StagingToEDW_StagingToEDW_Dimension_CenterManagement,spCMS_StagingToEDW_DimSession,insert into the target table,No db found
StagingToEDW_StagingToEDW_Dimension_CenterManagement,spCMS_StagingToEDW_DimSession,UPDATE SET,No db found
StagingToEDW_StagingToEDW_Dimension_CenterManagement,spCMS_StagingToEDW_DimSession,from NULL ,No db found
StagingToEDW_StagingToEDW_Dimension_CenterManagement,spCMS_StagingToEDW_DimSession,"FROM
             ",No db found
StagingToEDW_StagingToEDW_Dimension_CenterManagement,spCMS_StagingToEDW_DimSession,FROM @tblMrgeActions_SCD2,No db found
StagingToEDW_StagingToEDW_Dimension_CenterManagement,spCMS_StagingToEDW_DimSession,INSERT INTO BING_EDW.dbo.DimSession,BING_EDW
StagingToEDW_StagingToEDW_Dimension_CenterManagement,spCMS_StagingToEDW_DimSession,JOIN ,No db found
StagingToEDW_StagingToEDW_Dimension_CenterManagement,spCMS_StagingToEDW_DimSession,from into Target.,Target
StagingToEDW_StagingToEDW_Dimension_CenterManagement,spCMS_StagingToEDW_DimSession,DECLARE @ErrMsg NVARCHAR,No db found
StagingToEDW_StagingToEDW_Dimension_CenterManagement,spCSS_StagingToEDW_DimSession,from Staging to BING_EDW.,BING_EDW
StagingToEDW_StagingToEDW_Dimension_CenterManagement,spCSS_StagingToEDW_DimSession,from Source by calling,No db found
StagingToEDW_StagingToEDW_Dimension_CenterManagement,spCSS_StagingToEDW_DimSession,from source,No db found
StagingToEDW_StagingToEDW_Dimension_CenterManagement,spCSS_StagingToEDW_DimSession,from SSIS DFT to stored proc,No db found
StagingToEDW_StagingToEDW_Dimension_CenterManagement,spCSS_StagingToEDW_DimSession,DECLARE @ProcName NVARCHAR,No db found
StagingToEDW_StagingToEDW_Dimension_CenterManagement,spCSS_StagingToEDW_DimSession,DECLARE @DebugMsg NVARCHAR,No db found
StagingToEDW_StagingToEDW_Dimension_CenterManagement,spCSS_StagingToEDW_DimSession,DECLARE @SourceName VARCHAR,No db found
StagingToEDW_StagingToEDW_Dimension_CenterManagement,spCSS_StagingToEDW_DimSession,DECLARE @AuditId BIGINT,No db found
StagingToEDW_StagingToEDW_Dimension_CenterManagement,spCSS_StagingToEDW_DimSession,DECLARE @RowCount INT,No db found
StagingToEDW_StagingToEDW_Dimension_CenterManagement,spCSS_StagingToEDW_DimSession,DECLARE @Error INT,No db found
StagingToEDW_StagingToEDW_Dimension_CenterManagement,spCSS_StagingToEDW_DimSession,DECLARE @SourceCount INT,No db found
StagingToEDW_StagingToEDW_Dimension_CenterManagement,spCSS_StagingToEDW_DimSession,DECLARE @InsertCount INT,No db found
StagingToEDW_StagingToEDW_Dimension_CenterManagement,spCSS_StagingToEDW_DimSession,DECLARE @UpdateCount INT,No db found
StagingToEDW_StagingToEDW_Dimension_CenterManagement,spCSS_StagingToEDW_DimSession,DECLARE @DeleteCount INT,No db found
StagingToEDW_StagingToEDW_Dimension_CenterManagement,spCSS_StagingToEDW_DimSession,DECLARE @tblMergeActions TABLE,No db found
StagingToEDW_StagingToEDW_Dimension_CenterManagement,spCSS_StagingToEDW_DimSession,DECLARE @tblDeleteActions TABLE,No db found
StagingToEDW_StagingToEDW_Dimension_CenterManagement,spCSS_StagingToEDW_DimSession,FROM Source,No db found
StagingToEDW_StagingToEDW_Dimension_CenterManagement,spCSS_StagingToEDW_DimSession,from source ,No db found
StagingToEDW_StagingToEDW_Dimension_CenterManagement,spCSS_StagingToEDW_DimSession,from Source.,Source
StagingToEDW_StagingToEDW_Dimension_CenterManagement,spCSS_StagingToEDW_DimSession,UPDATE SET,No db found
StagingToEDW_StagingToEDW_Dimension_CenterManagement,spCSS_StagingToEDW_DimSession,"FROM
             ",No db found
StagingToEDW_StagingToEDW_Dimension_CenterManagement,spCSS_StagingToEDW_DimSession,FROM @tblMergeActions,No db found
StagingToEDW_StagingToEDW_Dimension_CenterManagement,spCSS_StagingToEDW_DimSession,from CSS.,CSS
StagingToEDW_StagingToEDW_Dimension_CenterManagement,spCSS_StagingToEDW_DimSession,UPDATE [BING_EDW].[dbo].[DimSession],[BING_EDW]
StagingToEDW_StagingToEDW_Dimension_CenterManagement,spCSS_StagingToEDW_DimSession,DECLARE @ErrMsg NVARCHAR,No db found
StagingToEDW_StagingToEDW_Dimension_CenterManagement,spCMS_StagingToEDW_DimSponsor,from Staging to BING_EDW.,BING_EDW
StagingToEDW_StagingToEDW_Dimension_CenterManagement,spCMS_StagingToEDW_DimSponsor,from Source by calling,No db found
StagingToEDW_StagingToEDW_Dimension_CenterManagement,spCMS_StagingToEDW_DimSponsor,from step 3,No db found
StagingToEDW_StagingToEDW_Dimension_CenterManagement,spCMS_StagingToEDW_DimSponsor,from source,No db found
StagingToEDW_StagingToEDW_Dimension_CenterManagement,spCMS_StagingToEDW_DimSponsor,from SSIS building temp tables in EDW to using stored,No db found
StagingToEDW_StagingToEDW_Dimension_CenterManagement,spCMS_StagingToEDW_DimSponsor,DECLARE @ProcName NVARCHAR,No db found
StagingToEDW_StagingToEDW_Dimension_CenterManagement,spCMS_StagingToEDW_DimSponsor,DECLARE @DebugMsg NVARCHAR,No db found
StagingToEDW_StagingToEDW_Dimension_CenterManagement,spCMS_StagingToEDW_DimSponsor,DECLARE @SourceName VARCHAR,No db found
StagingToEDW_StagingToEDW_Dimension_CenterManagement,spCMS_StagingToEDW_DimSponsor,DECLARE @AuditId BIGINT,No db found
StagingToEDW_StagingToEDW_Dimension_CenterManagement,spCMS_StagingToEDW_DimSponsor,DECLARE @RowCount INT,No db found
StagingToEDW_StagingToEDW_Dimension_CenterManagement,spCMS_StagingToEDW_DimSponsor,DECLARE @Error INT,No db found
StagingToEDW_StagingToEDW_Dimension_CenterManagement,spCMS_StagingToEDW_DimSponsor,DECLARE @SourceCount INT,No db found
StagingToEDW_StagingToEDW_Dimension_CenterManagement,spCMS_StagingToEDW_DimSponsor,DECLARE @InsertCount INT,No db found
StagingToEDW_StagingToEDW_Dimension_CenterManagement,spCMS_StagingToEDW_DimSponsor,DECLARE @UpdateCount INT,No db found
StagingToEDW_StagingToEDW_Dimension_CenterManagement,spCMS_StagingToEDW_DimSponsor,DECLARE @DeleteCount INT,No db found
StagingToEDW_StagingToEDW_Dimension_CenterManagement,spCMS_StagingToEDW_DimSponsor,DECLARE @tblMrgeActions_SCD2 TABLE,No db found
StagingToEDW_StagingToEDW_Dimension_CenterManagement,spCMS_StagingToEDW_DimSponsor,from Source,No db found
StagingToEDW_StagingToEDW_Dimension_CenterManagement,spCMS_StagingToEDW_DimSponsor,from source ,No db found
StagingToEDW_StagingToEDW_Dimension_CenterManagement,spCMS_StagingToEDW_DimSponsor,from Source.,Source
StagingToEDW_StagingToEDW_Dimension_CenterManagement,spCMS_StagingToEDW_DimSponsor,Update 1,No db found
StagingToEDW_StagingToEDW_Dimension_CenterManagement,spCMS_StagingToEDW_DimSponsor,update process for changed existing records,No db found
StagingToEDW_StagingToEDW_Dimension_CenterManagement,spCMS_StagingToEDW_DimSponsor,"from 
		   ",No db found
StagingToEDW_StagingToEDW_Dimension_CenterManagement,spCMS_StagingToEDW_DimSponsor,insert into the target table,No db found
StagingToEDW_StagingToEDW_Dimension_CenterManagement,spCMS_StagingToEDW_DimSponsor,UPDATE SET,No db found
StagingToEDW_StagingToEDW_Dimension_CenterManagement,spCMS_StagingToEDW_DimSponsor,from NULL ,No db found
StagingToEDW_StagingToEDW_Dimension_CenterManagement,spCMS_StagingToEDW_DimSponsor,"FROM
             ",No db found
StagingToEDW_StagingToEDW_Dimension_CenterManagement,spCMS_StagingToEDW_DimSponsor,FROM @tblMrgeActions_SCD2,No db found
StagingToEDW_StagingToEDW_Dimension_CenterManagement,spCMS_StagingToEDW_DimSponsor,INSERT INTO BING_EDW.dbo.DimSponsor,BING_EDW
StagingToEDW_StagingToEDW_Dimension_CenterManagement,spCMS_StagingToEDW_DimSponsor,JOIN ,No db found
StagingToEDW_StagingToEDW_Dimension_CenterManagement,spCMS_StagingToEDW_DimSponsor,from into Target.,Target
StagingToEDW_StagingToEDW_Dimension_CenterManagement,spCMS_StagingToEDW_DimSponsor,DECLARE @ErrMsg NVARCHAR,No db found
StagingToEDW_StagingToEDW_Dimension_CenterManagement,spCSS_StagingToEDW_DimSponsor,from Staging to BING_EDW.,BING_EDW
StagingToEDW_StagingToEDW_Dimension_CenterManagement,spCSS_StagingToEDW_DimSponsor,from Source by calling,No db found
StagingToEDW_StagingToEDW_Dimension_CenterManagement,spCSS_StagingToEDW_DimSponsor,DECLARE @ProcName NVARCHAR,No db found
StagingToEDW_StagingToEDW_Dimension_CenterManagement,spCSS_StagingToEDW_DimSponsor,DECLARE @DebugMsg NVARCHAR,No db found
StagingToEDW_StagingToEDW_Dimension_CenterManagement,spCSS_StagingToEDW_DimSponsor,DECLARE @SourceName VARCHAR,No db found
StagingToEDW_StagingToEDW_Dimension_CenterManagement,spCSS_StagingToEDW_DimSponsor,DECLARE @AuditId BIGINT,No db found
StagingToEDW_StagingToEDW_Dimension_CenterManagement,spCSS_StagingToEDW_DimSponsor,DECLARE @RowCount INT,No db found
StagingToEDW_StagingToEDW_Dimension_CenterManagement,spCSS_StagingToEDW_DimSponsor,DECLARE @Error INT,No db found
StagingToEDW_StagingToEDW_Dimension_CenterManagement,spCSS_StagingToEDW_DimSponsor,DECLARE @SourceCount INT,No db found
StagingToEDW_StagingToEDW_Dimension_CenterManagement,spCSS_StagingToEDW_DimSponsor,DECLARE @InsertCount INT,No db found
StagingToEDW_StagingToEDW_Dimension_CenterManagement,spCSS_StagingToEDW_DimSponsor,DECLARE @UpdateCount INT,No db found
StagingToEDW_StagingToEDW_Dimension_CenterManagement,spCSS_StagingToEDW_DimSponsor,DECLARE @DeleteCount INT,No db found
StagingToEDW_StagingToEDW_Dimension_CenterManagement,spCSS_StagingToEDW_DimSponsor,DECLARE @tblMergeActions TABLE,No db found
StagingToEDW_StagingToEDW_Dimension_CenterManagement,spCSS_StagingToEDW_DimSponsor,DECLARE @tblDeleteActions TABLE,No db found
StagingToEDW_StagingToEDW_Dimension_CenterManagement,spCSS_StagingToEDW_DimSponsor,from Source,No db found
StagingToEDW_StagingToEDW_Dimension_CenterManagement,spCSS_StagingToEDW_DimSponsor,from source ,No db found
StagingToEDW_StagingToEDW_Dimension_CenterManagement,spCSS_StagingToEDW_DimSponsor,from Source.,Source
StagingToEDW_StagingToEDW_Dimension_CenterManagement,spCSS_StagingToEDW_DimSponsor,UPDATE SET,No db found
StagingToEDW_StagingToEDW_Dimension_CenterManagement,spCSS_StagingToEDW_DimSponsor,"FROM
             ",No db found
StagingToEDW_StagingToEDW_Dimension_CenterManagement,spCSS_StagingToEDW_DimSponsor,FROM @tblMergeActions,No db found
StagingToEDW_StagingToEDW_Dimension_CenterManagement,spCSS_StagingToEDW_DimSponsor,"FROM
     ",No db found
StagingToEDW_StagingToEDW_Dimension_CenterManagement,spCSS_StagingToEDW_DimSponsor,FROM @tblDeleteActions,No db found
StagingToEDW_StagingToEDW_Dimension_CenterManagement,spCSS_StagingToEDW_DimSponsor,from into Target.,Target
StagingToEDW_StagingToEDW_Dimension_CenterManagement,spCSS_StagingToEDW_DimSponsor,DECLARE @ErrMsg NVARCHAR,No db found
StagingToEDW_StagingToEDW_Dimension_CenterManagement,spCMS_StagingToEDW_DimStudent,from Staging to BING_EDW.,BING_EDW
StagingToEDW_StagingToEDW_Dimension_CenterManagement,spCMS_StagingToEDW_DimStudent,from Source by calling,No db found
StagingToEDW_StagingToEDW_Dimension_CenterManagement,spCMS_StagingToEDW_DimStudent,from step 3,No db found
StagingToEDW_StagingToEDW_Dimension_CenterManagement,spCMS_StagingToEDW_DimStudent,from source,No db found
StagingToEDW_StagingToEDW_Dimension_CenterManagement,spCMS_StagingToEDW_DimStudent,from SSIS building temp tables in EDW to using stored,No db found
StagingToEDW_StagingToEDW_Dimension_CenterManagement,spCMS_StagingToEDW_DimStudent,DECLARE @ProcName NVARCHAR,No db found
StagingToEDW_StagingToEDW_Dimension_CenterManagement,spCMS_StagingToEDW_DimStudent,DECLARE @DebugMsg NVARCHAR,No db found
StagingToEDW_StagingToEDW_Dimension_CenterManagement,spCMS_StagingToEDW_DimStudent,DECLARE @SourceName VARCHAR,No db found
StagingToEDW_StagingToEDW_Dimension_CenterManagement,spCMS_StagingToEDW_DimStudent,DECLARE @AuditId BIGINT,No db found
StagingToEDW_StagingToEDW_Dimension_CenterManagement,spCMS_StagingToEDW_DimStudent,DECLARE @RowCount INT,No db found
StagingToEDW_StagingToEDW_Dimension_CenterManagement,spCMS_StagingToEDW_DimStudent,DECLARE @Error INT,No db found
StagingToEDW_StagingToEDW_Dimension_CenterManagement,spCMS_StagingToEDW_DimStudent,DECLARE @SourceCount INT,No db found
StagingToEDW_StagingToEDW_Dimension_CenterManagement,spCMS_StagingToEDW_DimStudent,DECLARE @InsertCount INT,No db found
StagingToEDW_StagingToEDW_Dimension_CenterManagement,spCMS_StagingToEDW_DimStudent,DECLARE @UpdateCount INT,No db found
StagingToEDW_StagingToEDW_Dimension_CenterManagement,spCMS_StagingToEDW_DimStudent,DECLARE @DeleteCount INT,No db found
StagingToEDW_StagingToEDW_Dimension_CenterManagement,spCMS_StagingToEDW_DimStudent,DECLARE @tblMrgeActions_SCD2 TABLE,No db found
StagingToEDW_StagingToEDW_Dimension_CenterManagement,spCMS_StagingToEDW_DimStudent,from Source,No db found
StagingToEDW_StagingToEDW_Dimension_CenterManagement,spCMS_StagingToEDW_DimStudent,from source ,No db found
StagingToEDW_StagingToEDW_Dimension_CenterManagement,spCMS_StagingToEDW_DimStudent,from Source.,Source
StagingToEDW_StagingToEDW_Dimension_CenterManagement,spCMS_StagingToEDW_DimStudent,update process for changed existing records,No db found
StagingToEDW_StagingToEDW_Dimension_CenterManagement,spCMS_StagingToEDW_DimStudent,"from 
		   ",No db found
StagingToEDW_StagingToEDW_Dimension_CenterManagement,spCMS_StagingToEDW_DimStudent,insert into the target table,No db found
StagingToEDW_StagingToEDW_Dimension_CenterManagement,spCMS_StagingToEDW_DimStudent,UPDATE SET,No db found
StagingToEDW_StagingToEDW_Dimension_CenterManagement,spCMS_StagingToEDW_DimStudent,from NULL ,No db found
StagingToEDW_StagingToEDW_Dimension_CenterManagement,spCMS_StagingToEDW_DimStudent,"FROM
             ",No db found
StagingToEDW_StagingToEDW_Dimension_CenterManagement,spCMS_StagingToEDW_DimStudent,FROM @tblMrgeActions_SCD2,No db found
StagingToEDW_StagingToEDW_Dimension_CenterManagement,spCMS_StagingToEDW_DimStudent,INSERT INTO BING_EDW.dbo.DimStudent,BING_EDW
StagingToEDW_StagingToEDW_Dimension_CenterManagement,spCMS_StagingToEDW_DimStudent,JOIN ,No db found
StagingToEDW_StagingToEDW_Dimension_CenterManagement,spCMS_StagingToEDW_DimStudent,from into Target.,Target
StagingToEDW_StagingToEDW_Dimension_CenterManagement,spCMS_StagingToEDW_DimStudent,DECLARE @ErrMsg NVARCHAR,No db found
StagingToEDW_StagingToEDW_Dimension_CenterManagement,spCSS_StagingToEDW_DimStudent,from Staging to BING_EDW.,BING_EDW
StagingToEDW_StagingToEDW_Dimension_CenterManagement,spCSS_StagingToEDW_DimStudent,from Source by calling,No db found
StagingToEDW_StagingToEDW_Dimension_CenterManagement,spCSS_StagingToEDW_DimStudent,from step 3,No db found
StagingToEDW_StagingToEDW_Dimension_CenterManagement,spCSS_StagingToEDW_DimStudent,from source,No db found
StagingToEDW_StagingToEDW_Dimension_CenterManagement,spCSS_StagingToEDW_DimStudent,from SSIS DFT to stored proc,No db found
StagingToEDW_StagingToEDW_Dimension_CenterManagement,spCSS_StagingToEDW_DimStudent,DECLARE @ProcName NVARCHAR,No db found
StagingToEDW_StagingToEDW_Dimension_CenterManagement,spCSS_StagingToEDW_DimStudent,DECLARE @DebugMsg NVARCHAR,No db found
StagingToEDW_StagingToEDW_Dimension_CenterManagement,spCSS_StagingToEDW_DimStudent,DECLARE @SourceName VARCHAR,No db found
StagingToEDW_StagingToEDW_Dimension_CenterManagement,spCSS_StagingToEDW_DimStudent,DECLARE @AuditId BIGINT,No db found
StagingToEDW_StagingToEDW_Dimension_CenterManagement,spCSS_StagingToEDW_DimStudent,DECLARE @RowCount INT,No db found
StagingToEDW_StagingToEDW_Dimension_CenterManagement,spCSS_StagingToEDW_DimStudent,DECLARE @Error INT,No db found
StagingToEDW_StagingToEDW_Dimension_CenterManagement,spCSS_StagingToEDW_DimStudent,DECLARE @SourceCount INT,No db found
StagingToEDW_StagingToEDW_Dimension_CenterManagement,spCSS_StagingToEDW_DimStudent,DECLARE @InsertCount INT,No db found
StagingToEDW_StagingToEDW_Dimension_CenterManagement,spCSS_StagingToEDW_DimStudent,DECLARE @UpdateCount INT,No db found
StagingToEDW_StagingToEDW_Dimension_CenterManagement,spCSS_StagingToEDW_DimStudent,DECLARE @DeleteCount INT,No db found
StagingToEDW_StagingToEDW_Dimension_CenterManagement,spCSS_StagingToEDW_DimStudent,DECLARE @tblMrgeActions_SCD2 TABLE,No db found
StagingToEDW_StagingToEDW_Dimension_CenterManagement,spCSS_StagingToEDW_DimStudent,FROM Source,No db found
StagingToEDW_StagingToEDW_Dimension_CenterManagement,spCSS_StagingToEDW_DimStudent,from source ,No db found
StagingToEDW_StagingToEDW_Dimension_CenterManagement,spCSS_StagingToEDW_DimStudent,from Source.,Source
StagingToEDW_StagingToEDW_Dimension_CenterManagement,spCSS_StagingToEDW_DimStudent,update process for changed existing records,No db found
StagingToEDW_StagingToEDW_Dimension_CenterManagement,spCSS_StagingToEDW_DimStudent,"from 
             ",No db found
StagingToEDW_StagingToEDW_Dimension_CenterManagement,spCSS_StagingToEDW_DimStudent,insert into the target table,No db found
StagingToEDW_StagingToEDW_Dimension_CenterManagement,spCSS_StagingToEDW_DimStudent,UPDATE SET,No db found
StagingToEDW_StagingToEDW_Dimension_CenterManagement,spCSS_StagingToEDW_DimStudent,from NULL ,No db found
StagingToEDW_StagingToEDW_Dimension_CenterManagement,spCSS_StagingToEDW_DimStudent,"FROM
             ",No db found
StagingToEDW_StagingToEDW_Dimension_CenterManagement,spCSS_StagingToEDW_DimStudent,FROM @tblMrgeActions_SCD2,No db found
StagingToEDW_StagingToEDW_Dimension_CenterManagement,spCSS_StagingToEDW_DimStudent,INSERT INTO BING_EDW.dbo.DimStudent,BING_EDW
StagingToEDW_StagingToEDW_Dimension_CenterManagement,spCSS_StagingToEDW_DimStudent,JOIN ,No db found
StagingToEDW_StagingToEDW_Dimension_CenterManagement,spCSS_StagingToEDW_DimStudent,from into Target.,Target
StagingToEDW_StagingToEDW_Dimension_CenterManagement,spCSS_StagingToEDW_DimStudent,DECLARE @ErrMsg NVARCHAR,No db found
StagingToEDW_StagingToEDW_Dimension_CenterManagement,spCSS_StagingToEDW_DimTier,from Staging to BING_EDW.,BING_EDW
StagingToEDW_StagingToEDW_Dimension_CenterManagement,spCSS_StagingToEDW_DimTier,from Source by calling,No db found
StagingToEDW_StagingToEDW_Dimension_CenterManagement,spCSS_StagingToEDW_DimTier,from source,No db found
StagingToEDW_StagingToEDW_Dimension_CenterManagement,spCSS_StagingToEDW_DimTier,from SSIS DFT to stored proc,No db found
StagingToEDW_StagingToEDW_Dimension_CenterManagement,spCSS_StagingToEDW_DimTier,DECLARE @ProcName NVARCHAR,No db found
StagingToEDW_StagingToEDW_Dimension_CenterManagement,spCSS_StagingToEDW_DimTier,DECLARE @DebugMsg NVARCHAR,No db found
StagingToEDW_StagingToEDW_Dimension_CenterManagement,spCSS_StagingToEDW_DimTier,DECLARE @SourceName VARCHAR,No db found
StagingToEDW_StagingToEDW_Dimension_CenterManagement,spCSS_StagingToEDW_DimTier,DECLARE @AuditId BIGINT,No db found
StagingToEDW_StagingToEDW_Dimension_CenterManagement,spCSS_StagingToEDW_DimTier,DECLARE @RowCount INT,No db found
StagingToEDW_StagingToEDW_Dimension_CenterManagement,spCSS_StagingToEDW_DimTier,DECLARE @Error INT,No db found
StagingToEDW_StagingToEDW_Dimension_CenterManagement,spCSS_StagingToEDW_DimTier,DECLARE @SourceCount INT,No db found
StagingToEDW_StagingToEDW_Dimension_CenterManagement,spCSS_StagingToEDW_DimTier,DECLARE @InsertCount INT,No db found
StagingToEDW_StagingToEDW_Dimension_CenterManagement,spCSS_StagingToEDW_DimTier,DECLARE @UpdateCount INT,No db found
StagingToEDW_StagingToEDW_Dimension_CenterManagement,spCSS_StagingToEDW_DimTier,DECLARE @DeleteCount INT,No db found
StagingToEDW_StagingToEDW_Dimension_CenterManagement,spCSS_StagingToEDW_DimTier,DECLARE @tblMergeActions TABLE,No db found
StagingToEDW_StagingToEDW_Dimension_CenterManagement,spCSS_StagingToEDW_DimTier,DECLARE @tblDeleteActions TABLE,No db found
StagingToEDW_StagingToEDW_Dimension_CenterManagement,spCSS_StagingToEDW_DimTier,FROM Source,No db found
StagingToEDW_StagingToEDW_Dimension_CenterManagement,spCSS_StagingToEDW_DimTier,from source ,No db found
StagingToEDW_StagingToEDW_Dimension_CenterManagement,spCSS_StagingToEDW_DimTier,from Source.,Source
StagingToEDW_StagingToEDW_Dimension_CenterManagement,spCSS_StagingToEDW_DimTier,UPDATE SET,No db found
StagingToEDW_StagingToEDW_Dimension_CenterManagement,spCSS_StagingToEDW_DimTier,"FROM
             ",No db found
StagingToEDW_StagingToEDW_Dimension_CenterManagement,spCSS_StagingToEDW_DimTier,FROM @tblMergeActions,No db found
StagingToEDW_StagingToEDW_Dimension_CenterManagement,spCSS_StagingToEDW_DimTier,DECLARE @ErrMsg NVARCHAR,No db found
StagingToEDW_StagingToEDW_Dimension_CenterManagement,spCMS_StagingToEDW_DimTuitionAssistanceProvider,from Staging to BING_EDW.,BING_EDW
StagingToEDW_StagingToEDW_Dimension_CenterManagement,spCMS_StagingToEDW_DimTuitionAssistanceProvider,from Source by calling,No db found
StagingToEDW_StagingToEDW_Dimension_CenterManagement,spCMS_StagingToEDW_DimTuitionAssistanceProvider,from source,No db found
StagingToEDW_StagingToEDW_Dimension_CenterManagement,spCMS_StagingToEDW_DimTuitionAssistanceProvider,from SSIS DFT to Stored Proc as part of,No db found
StagingToEDW_StagingToEDW_Dimension_CenterManagement,spCMS_StagingToEDW_DimTuitionAssistanceProvider,DECLARE @ProcName NVARCHAR,No db found
StagingToEDW_StagingToEDW_Dimension_CenterManagement,spCMS_StagingToEDW_DimTuitionAssistanceProvider,DECLARE @DebugMsg NVARCHAR,No db found
StagingToEDW_StagingToEDW_Dimension_CenterManagement,spCMS_StagingToEDW_DimTuitionAssistanceProvider,DECLARE @SourceName VARCHAR,No db found
StagingToEDW_StagingToEDW_Dimension_CenterManagement,spCMS_StagingToEDW_DimTuitionAssistanceProvider,DECLARE @AuditId BIGINT,No db found
StagingToEDW_StagingToEDW_Dimension_CenterManagement,spCMS_StagingToEDW_DimTuitionAssistanceProvider,DECLARE @RowCount INT,No db found
StagingToEDW_StagingToEDW_Dimension_CenterManagement,spCMS_StagingToEDW_DimTuitionAssistanceProvider,DECLARE @Error INT,No db found
StagingToEDW_StagingToEDW_Dimension_CenterManagement,spCMS_StagingToEDW_DimTuitionAssistanceProvider,DECLARE @SourceCount INT,No db found
StagingToEDW_StagingToEDW_Dimension_CenterManagement,spCMS_StagingToEDW_DimTuitionAssistanceProvider,DECLARE @InsertCount INT,No db found
StagingToEDW_StagingToEDW_Dimension_CenterManagement,spCMS_StagingToEDW_DimTuitionAssistanceProvider,DECLARE @UpdateCount INT,No db found
StagingToEDW_StagingToEDW_Dimension_CenterManagement,spCMS_StagingToEDW_DimTuitionAssistanceProvider,DECLARE @DeleteCount INT,No db found
StagingToEDW_StagingToEDW_Dimension_CenterManagement,spCMS_StagingToEDW_DimTuitionAssistanceProvider,DECLARE @tblMergeActions TABLE,No db found
StagingToEDW_StagingToEDW_Dimension_CenterManagement,spCMS_StagingToEDW_DimTuitionAssistanceProvider,DECLARE @tblDeleteActions TABLE,No db found
StagingToEDW_StagingToEDW_Dimension_CenterManagement,spCMS_StagingToEDW_DimTuitionAssistanceProvider,FROM Source,No db found
StagingToEDW_StagingToEDW_Dimension_CenterManagement,spCMS_StagingToEDW_DimTuitionAssistanceProvider,from source ,No db found
StagingToEDW_StagingToEDW_Dimension_CenterManagement,spCMS_StagingToEDW_DimTuitionAssistanceProvider,from Source.,Source
StagingToEDW_StagingToEDW_Dimension_CenterManagement,spCMS_StagingToEDW_DimTuitionAssistanceProvider,UPDATE SET,No db found
StagingToEDW_StagingToEDW_Dimension_CenterManagement,spCMS_StagingToEDW_DimTuitionAssistanceProvider,"FROM
             ",No db found
StagingToEDW_StagingToEDW_Dimension_CenterManagement,spCMS_StagingToEDW_DimTuitionAssistanceProvider,FROM @tblMergeActions,No db found
StagingToEDW_StagingToEDW_Dimension_CenterManagement,spCMS_StagingToEDW_DimTuitionAssistanceProvider,DECLARE @ErrMsg NVARCHAR,No db found
StagingToEDW_StagingToEDW_Dimension_CenterManagement,spCSS_StagingToEDW_DimTuitionAssistanceProvider,from Staging to BING_EDW.,BING_EDW
StagingToEDW_StagingToEDW_Dimension_CenterManagement,spCSS_StagingToEDW_DimTuitionAssistanceProvider,from Source by calling,No db found
StagingToEDW_StagingToEDW_Dimension_CenterManagement,spCSS_StagingToEDW_DimTuitionAssistanceProvider,from source,No db found
StagingToEDW_StagingToEDW_Dimension_CenterManagement,spCSS_StagingToEDW_DimTuitionAssistanceProvider,from SSIS DFT to Stored Proc as part of,No db found
StagingToEDW_StagingToEDW_Dimension_CenterManagement,spCSS_StagingToEDW_DimTuitionAssistanceProvider,DECLARE @ProcName NVARCHAR,No db found
StagingToEDW_StagingToEDW_Dimension_CenterManagement,spCSS_StagingToEDW_DimTuitionAssistanceProvider,DECLARE @DebugMsg NVARCHAR,No db found
StagingToEDW_StagingToEDW_Dimension_CenterManagement,spCSS_StagingToEDW_DimTuitionAssistanceProvider,DECLARE @SourceName VARCHAR,No db found
StagingToEDW_StagingToEDW_Dimension_CenterManagement,spCSS_StagingToEDW_DimTuitionAssistanceProvider,DECLARE @AuditId BIGINT,No db found
StagingToEDW_StagingToEDW_Dimension_CenterManagement,spCSS_StagingToEDW_DimTuitionAssistanceProvider,DECLARE @RowCount INT,No db found
StagingToEDW_StagingToEDW_Dimension_CenterManagement,spCSS_StagingToEDW_DimTuitionAssistanceProvider,DECLARE @Error INT,No db found
StagingToEDW_StagingToEDW_Dimension_CenterManagement,spCSS_StagingToEDW_DimTuitionAssistanceProvider,DECLARE @SourceCount INT,No db found
StagingToEDW_StagingToEDW_Dimension_CenterManagement,spCSS_StagingToEDW_DimTuitionAssistanceProvider,DECLARE @InsertCount INT,No db found
StagingToEDW_StagingToEDW_Dimension_CenterManagement,spCSS_StagingToEDW_DimTuitionAssistanceProvider,DECLARE @UpdateCount INT,No db found
StagingToEDW_StagingToEDW_Dimension_CenterManagement,spCSS_StagingToEDW_DimTuitionAssistanceProvider,DECLARE @DeleteCount INT,No db found
StagingToEDW_StagingToEDW_Dimension_CenterManagement,spCSS_StagingToEDW_DimTuitionAssistanceProvider,DECLARE @tblMergeActions TABLE,No db found
StagingToEDW_StagingToEDW_Dimension_CenterManagement,spCSS_StagingToEDW_DimTuitionAssistanceProvider,DECLARE @tblDeleteActions TABLE,No db found
StagingToEDW_StagingToEDW_Dimension_CenterManagement,spCSS_StagingToEDW_DimTuitionAssistanceProvider,FROM Source,No db found
StagingToEDW_StagingToEDW_Dimension_CenterManagement,spCSS_StagingToEDW_DimTuitionAssistanceProvider,from source ,No db found
StagingToEDW_StagingToEDW_Dimension_CenterManagement,spCSS_StagingToEDW_DimTuitionAssistanceProvider,from Source.,Source
StagingToEDW_StagingToEDW_Dimension_CenterManagement,spCSS_StagingToEDW_DimTuitionAssistanceProvider,UPDATE SET,No db found
StagingToEDW_StagingToEDW_Dimension_CenterManagement,spCSS_StagingToEDW_DimTuitionAssistanceProvider,"FROM
             ",No db found
StagingToEDW_StagingToEDW_Dimension_CenterManagement,spCSS_StagingToEDW_DimTuitionAssistanceProvider,FROM @tblMergeActions,No db found
StagingToEDW_StagingToEDW_Dimension_CenterManagement,spCSS_StagingToEDW_DimTuitionAssistanceProvider,DECLARE @ErrMsg NVARCHAR,No db found
StagingToEDW_StagingToEDW_Dimension_GLandHR,spGL_StagingToEDW_DimDate,FROM sys.objects,sys
StagingToEDW_StagingToEDW_Dimension_GLandHR,spGL_StagingToEDW_DimDate,from Staging to BING_EDW.,BING_EDW
StagingToEDW_StagingToEDW_Dimension_GLandHR,spGL_StagingToEDW_DimDate,from Source by calling,No db found
StagingToEDW_StagingToEDW_Dimension_GLandHR,spGL_StagingToEDW_DimDate,from source,No db found
StagingToEDW_StagingToEDW_Dimension_GLandHR,spGL_StagingToEDW_DimDate,DECLARE @ProcName NVARCHAR,No db found
StagingToEDW_StagingToEDW_Dimension_GLandHR,spGL_StagingToEDW_DimDate,DECLARE @DebugMsg NVARCHAR,No db found
StagingToEDW_StagingToEDW_Dimension_GLandHR,spGL_StagingToEDW_DimDate,DECLARE @SourceName VARCHAR,No db found
StagingToEDW_StagingToEDW_Dimension_GLandHR,spGL_StagingToEDW_DimDate,DECLARE @AuditId BIGINT,No db found
StagingToEDW_StagingToEDW_Dimension_GLandHR,spGL_StagingToEDW_DimDate,DECLARE @RowCount INT,No db found
StagingToEDW_StagingToEDW_Dimension_GLandHR,spGL_StagingToEDW_DimDate,DECLARE @Error INT,No db found
StagingToEDW_StagingToEDW_Dimension_GLandHR,spGL_StagingToEDW_DimDate,DECLARE @SourceCount INT,No db found
StagingToEDW_StagingToEDW_Dimension_GLandHR,spGL_StagingToEDW_DimDate,DECLARE @InsertCount INT,No db found
StagingToEDW_StagingToEDW_Dimension_GLandHR,spGL_StagingToEDW_DimDate,DECLARE @UpdateCount INT,No db found
StagingToEDW_StagingToEDW_Dimension_GLandHR,spGL_StagingToEDW_DimDate,DECLARE @DeleteCount INT,No db found
StagingToEDW_StagingToEDW_Dimension_GLandHR,spGL_StagingToEDW_DimDate,DECLARE @tblMergeActions TABLE,No db found
StagingToEDW_StagingToEDW_Dimension_GLandHR,spGL_StagingToEDW_DimDate,DECLARE @tblDeleteActions TABLE,No db found
StagingToEDW_StagingToEDW_Dimension_GLandHR,spGL_StagingToEDW_DimDate,from Source,No db found
StagingToEDW_StagingToEDW_Dimension_GLandHR,spGL_StagingToEDW_DimDate,from source ,No db found
StagingToEDW_StagingToEDW_Dimension_GLandHR,spGL_StagingToEDW_DimDate,from Source.,Source
StagingToEDW_StagingToEDW_Dimension_GLandHR,spGL_StagingToEDW_DimDate,UPDATE SET,No db found
StagingToEDW_StagingToEDW_Dimension_GLandHR,spGL_StagingToEDW_DimDate,"FROM
             ",No db found
StagingToEDW_StagingToEDW_Dimension_GLandHR,spGL_StagingToEDW_DimDate,FROM @tblMergeActions,No db found
StagingToEDW_StagingToEDW_Dimension_GLandHR,spGL_StagingToEDW_DimDate,FROM @tblDeleteActions,No db found
StagingToEDW_StagingToEDW_Dimension_GLandHR,spGL_StagingToEDW_DimDate,update in ,No db found
StagingToEDW_StagingToEDW_Dimension_GLandHR,spGL_StagingToEDW_DimDate,DECLARE @ErrMsg NVARCHAR,No db found
StagingToEDW_StagingToEDW_Dimension_GLandHR,spGL_StagingGenerate_HrAllOrganizationUnits,DECLARE @ProcName NVARCHAR,No db found
StagingToEDW_StagingToEDW_Dimension_GLandHR,spGL_StagingGenerate_HrAllOrganizationUnits,DECLARE @DebugMsg NVARCHAR,No db found
StagingToEDW_StagingToEDW_Dimension_GLandHR,spGL_StagingGenerate_HrAllOrganizationUnits,DECLARE @SourceName VARCHAR,No db found
StagingToEDW_StagingToEDW_Dimension_GLandHR,spGL_StagingGenerate_HrAllOrganizationUnits,DECLARE @AuditId BIGINT,No db found
StagingToEDW_StagingToEDW_Dimension_GLandHR,spGL_StagingGenerate_HrAllOrganizationUnits,DECLARE @RowCount INT,No db found
StagingToEDW_StagingToEDW_Dimension_GLandHR,spGL_StagingGenerate_HrAllOrganizationUnits,DECLARE @Error INT,No db found
StagingToEDW_StagingToEDW_Dimension_GLandHR,spGL_StagingGenerate_HrAllOrganizationUnits,DECLARE @SourceCount INT,No db found
StagingToEDW_StagingToEDW_Dimension_GLandHR,spGL_StagingGenerate_HrAllOrganizationUnits,DECLARE @InsertCount INT,No db found
StagingToEDW_StagingToEDW_Dimension_GLandHR,spGL_StagingGenerate_HrAllOrganizationUnits,DECLARE @UpdateCount INT,No db found
StagingToEDW_StagingToEDW_Dimension_GLandHR,spGL_StagingGenerate_HrAllOrganizationUnits,DECLARE @DeleteCount INT,No db found
StagingToEDW_StagingToEDW_Dimension_GLandHR,spGL_StagingGenerate_HrAllOrganizationUnits,FROM dbo.HrAllOrganizationUnits,dbo
StagingToEDW_StagingToEDW_Dimension_GLandHR,spGL_StagingGenerate_HrAllOrganizationUnits,from HR_Staging,No db found
StagingToEDW_StagingToEDW_Dimension_GLandHR,spGL_StagingGenerate_HrAllOrganizationUnits,from Target.,Target
StagingToEDW_StagingToEDW_Dimension_GLandHR,spGL_StagingGenerate_HrAllOrganizationUnits,INSERT INTO dbo.HrAllOrganizationUnits,dbo
StagingToEDW_StagingToEDW_Dimension_GLandHR,spGL_StagingGenerate_HrAllOrganizationUnits,FROM HR_Staging.dbo.HrAllOrganizationUnits,HR_Staging
StagingToEDW_StagingToEDW_Dimension_GLandHR,spGL_StagingGenerate_HrAllOrganizationUnits,DECLARE @ErrMsg NVARCHAR,No db found
StagingToEDW_StagingToEDW_Dimension_GLandHR,spGL_StagingToEDW_BridgeCompanyRollup,FROM sys.objects,sys
StagingToEDW_StagingToEDW_Dimension_GLandHR,spGL_StagingToEDW_BridgeCompanyRollup,from Staging to BING_EDW.,BING_EDW
StagingToEDW_StagingToEDW_Dimension_GLandHR,spGL_StagingToEDW_BridgeCompanyRollup,from SSIS logic,No db found
StagingToEDW_StagingToEDW_Dimension_GLandHR,spGL_StagingToEDW_BridgeCompanyRollup,DECLARE @ProcName NVARCHAR,No db found
StagingToEDW_StagingToEDW_Dimension_GLandHR,spGL_StagingToEDW_BridgeCompanyRollup,DECLARE @DebugMsg NVARCHAR,No db found
StagingToEDW_StagingToEDW_Dimension_GLandHR,spGL_StagingToEDW_BridgeCompanyRollup,DECLARE @SourceName VARCHAR,No db found
StagingToEDW_StagingToEDW_Dimension_GLandHR,spGL_StagingToEDW_BridgeCompanyRollup,DECLARE @AuditId BIGINT,No db found
StagingToEDW_StagingToEDW_Dimension_GLandHR,spGL_StagingToEDW_BridgeCompanyRollup,DECLARE @RowCount INT,No db found
StagingToEDW_StagingToEDW_Dimension_GLandHR,spGL_StagingToEDW_BridgeCompanyRollup,DECLARE @Error INT,No db found
StagingToEDW_StagingToEDW_Dimension_GLandHR,spGL_StagingToEDW_BridgeCompanyRollup,DECLARE @SourceCount INT,No db found
StagingToEDW_StagingToEDW_Dimension_GLandHR,spGL_StagingToEDW_BridgeCompanyRollup,DECLARE @InsertCount INT,No db found
StagingToEDW_StagingToEDW_Dimension_GLandHR,spGL_StagingToEDW_BridgeCompanyRollup,DECLARE @UpdateCount INT,No db found
StagingToEDW_StagingToEDW_Dimension_GLandHR,spGL_StagingToEDW_BridgeCompanyRollup,DECLARE @DeleteCount INT,No db found
StagingToEDW_StagingToEDW_Dimension_GLandHR,spGL_StagingToEDW_BridgeCompanyRollup,from Source,No db found
StagingToEDW_StagingToEDW_Dimension_GLandHR,spGL_StagingToEDW_BridgeCompanyRollup,Insert Into BING_EDW Table ,No db found
StagingToEDW_StagingToEDW_Dimension_GLandHR,spGL_StagingToEDW_BridgeCompanyRollup,INSERT INTO  [BING_EDW].[dbo].[BridgeCompanyRollup],[BING_EDW]
StagingToEDW_StagingToEDW_Dimension_GLandHR,spGL_StagingToEDW_BridgeCompanyRollup,from source ,No db found
StagingToEDW_StagingToEDW_Dimension_GLandHR,spGL_StagingToEDW_BridgeCompanyRollup,from dbo.tfnCompanyRollupBridge,dbo
StagingToEDW_StagingToEDW_Dimension_GLandHR,spGL_StagingToEDW_BridgeCompanyRollup,from Source.,Source
StagingToEDW_StagingToEDW_Dimension_GLandHR,spGL_StagingToEDW_BridgeCompanyRollup,FROM [BING_EDW].[dbo].[BridgeCompanyRollup] ,[BING_EDW]
StagingToEDW_StagingToEDW_Dimension_GLandHR,spGL_StagingToEDW_BridgeCompanyRollup,DECLARE @ErrMsg NVARCHAR,No db found
StagingToEDW_StagingToEDW_Dimension_GLandHR,spGL_StagingToEDW_DimAccountSubAccount,from Staging to BING_EDW.,BING_EDW
StagingToEDW_StagingToEDW_Dimension_GLandHR,spGL_StagingToEDW_DimAccountSubAccount,from Source by calling,No db found
StagingToEDW_StagingToEDW_Dimension_GLandHR,spGL_StagingToEDW_DimAccountSubAccount,DECLARE @ProcName NVARCHAR,No db found
StagingToEDW_StagingToEDW_Dimension_GLandHR,spGL_StagingToEDW_DimAccountSubAccount,DECLARE @DebugMsg NVARCHAR,No db found
StagingToEDW_StagingToEDW_Dimension_GLandHR,spGL_StagingToEDW_DimAccountSubAccount,DECLARE @SourceName VARCHAR,No db found
StagingToEDW_StagingToEDW_Dimension_GLandHR,spGL_StagingToEDW_DimAccountSubAccount,DECLARE @AuditId BIGINT,No db found
StagingToEDW_StagingToEDW_Dimension_GLandHR,spGL_StagingToEDW_DimAccountSubAccount,DECLARE @RowCount INT,No db found
StagingToEDW_StagingToEDW_Dimension_GLandHR,spGL_StagingToEDW_DimAccountSubAccount,DECLARE @Error INT,No db found
StagingToEDW_StagingToEDW_Dimension_GLandHR,spGL_StagingToEDW_DimAccountSubAccount,DECLARE @SourceCount INT,No db found
StagingToEDW_StagingToEDW_Dimension_GLandHR,spGL_StagingToEDW_DimAccountSubAccount,DECLARE @InsertCount INT,No db found
StagingToEDW_StagingToEDW_Dimension_GLandHR,spGL_StagingToEDW_DimAccountSubAccount,DECLARE @UpdateCount INT,No db found
StagingToEDW_StagingToEDW_Dimension_GLandHR,spGL_StagingToEDW_DimAccountSubAccount,DECLARE @DeleteCount INT,No db found
StagingToEDW_StagingToEDW_Dimension_GLandHR,spGL_StagingToEDW_DimAccountSubAccount,DECLARE @InfSourceCount INT,No db found
StagingToEDW_StagingToEDW_Dimension_GLandHR,spGL_StagingToEDW_DimAccountSubAccount,DECLARE @InfInsertCount INT,No db found
StagingToEDW_StagingToEDW_Dimension_GLandHR,spGL_StagingToEDW_DimAccountSubAccount,DECLARE @InfUpdateCount INT,No db found
StagingToEDW_StagingToEDW_Dimension_GLandHR,spGL_StagingToEDW_DimAccountSubAccount,DECLARE @InfDeleteCount INT,No db found
StagingToEDW_StagingToEDW_Dimension_GLandHR,spGL_StagingToEDW_DimAccountSubAccount,DECLARE @tblMergeActions TABLE,No db found
StagingToEDW_StagingToEDW_Dimension_GLandHR,spGL_StagingToEDW_DimAccountSubAccount,DECLARE @tblDeleteActions TABLE,No db found
StagingToEDW_StagingToEDW_Dimension_GLandHR,spGL_StagingToEDW_DimAccountSubAccount,from Source,No db found
StagingToEDW_StagingToEDW_Dimension_GLandHR,spGL_StagingToEDW_DimAccountSubAccount,from source ,No db found
StagingToEDW_StagingToEDW_Dimension_GLandHR,spGL_StagingToEDW_DimAccountSubAccount,from Source.,Source
StagingToEDW_StagingToEDW_Dimension_GLandHR,spGL_StagingToEDW_DimAccountSubAccount,UPDATE SET,No db found
StagingToEDW_StagingToEDW_Dimension_GLandHR,spGL_StagingToEDW_DimAccountSubAccount,"FROM
             ",No db found
StagingToEDW_StagingToEDW_Dimension_GLandHR,spGL_StagingToEDW_DimAccountSubAccount,FROM @tblMergeActions,No db found
StagingToEDW_StagingToEDW_Dimension_GLandHR,spGL_StagingToEDW_DimAccountSubAccount,Update existing RowStatus to ,No db found
StagingToEDW_StagingToEDW_Dimension_GLandHR,spGL_StagingToEDW_DimAccountSubAccount,UPDATE [BING_EDW].[dbo].[DimAccountSubaccount] SET [RowStatus] ,[BING_EDW]
StagingToEDW_StagingToEDW_Dimension_GLandHR,spGL_StagingToEDW_DimAccountSubAccount,INSERT INTO [dbo].[InfAccountSubaccount] ,[dbo]
StagingToEDW_StagingToEDW_Dimension_GLandHR,spGL_StagingToEDW_DimAccountSubAccount,FROM [CMS_Staging].[dbo].[tfnNetRevenue],[CMS_Staging]
StagingToEDW_StagingToEDW_Dimension_GLandHR,spGL_StagingToEDW_DimAccountSubAccount,JOIN [BING_EDW].[dbo].[DimAccountSubaccount] [E],[BING_EDW]
StagingToEDW_StagingToEDW_Dimension_GLandHR,spGL_StagingToEDW_DimAccountSubAccount,FROM  [dbo].[InfAccountSubaccount],[dbo]
StagingToEDW_StagingToEDW_Dimension_GLandHR,spGL_StagingToEDW_DimAccountSubAccount,from Source into InfAccountSubaccount.,InfAccountSubaccount
StagingToEDW_StagingToEDW_Dimension_GLandHR,spGL_StagingToEDW_DimAccountSubAccount,FROM  ,No db found
StagingToEDW_StagingToEDW_Dimension_GLandHR,spGL_StagingToEDW_DimAccountSubAccount,from Source into MissingDimAccountSubAccountUpsert.,MissingDimAccountSubAccountUpsert
StagingToEDW_StagingToEDW_Dimension_GLandHR,spGL_StagingToEDW_DimAccountSubAccount,DECLARE @ErrMsg NVARCHAR,No db found
StagingToEDW_StagingToEDW_Dimension_GLandHR,spGL_StagingToEDW_DimCompany,FROM sys.objects,sys
StagingToEDW_StagingToEDW_Dimension_GLandHR,spGL_StagingToEDW_DimCompany,from Staging to BING_EDW.,BING_EDW
StagingToEDW_StagingToEDW_Dimension_GLandHR,spGL_StagingToEDW_DimCompany,from Source by calling,No db found
StagingToEDW_StagingToEDW_Dimension_GLandHR,spGL_StagingToEDW_DimCompany,from SSIS logic,No db found
StagingToEDW_StagingToEDW_Dimension_GLandHR,spGL_StagingToEDW_DimCompany,DECLARE @ProcName NVARCHAR,No db found
StagingToEDW_StagingToEDW_Dimension_GLandHR,spGL_StagingToEDW_DimCompany,DECLARE @DebugMsg NVARCHAR,No db found
StagingToEDW_StagingToEDW_Dimension_GLandHR,spGL_StagingToEDW_DimCompany,DECLARE @SourceName VARCHAR,No db found
StagingToEDW_StagingToEDW_Dimension_GLandHR,spGL_StagingToEDW_DimCompany,DECLARE @AuditId BIGINT,No db found
StagingToEDW_StagingToEDW_Dimension_GLandHR,spGL_StagingToEDW_DimCompany,DECLARE @RowCount INT,No db found
StagingToEDW_StagingToEDW_Dimension_GLandHR,spGL_StagingToEDW_DimCompany,DECLARE @Error INT,No db found
StagingToEDW_StagingToEDW_Dimension_GLandHR,spGL_StagingToEDW_DimCompany,DECLARE @SourceCount INT,No db found
StagingToEDW_StagingToEDW_Dimension_GLandHR,spGL_StagingToEDW_DimCompany,DECLARE @InsertCount INT,No db found
StagingToEDW_StagingToEDW_Dimension_GLandHR,spGL_StagingToEDW_DimCompany,DECLARE @UpdateCount INT,No db found
StagingToEDW_StagingToEDW_Dimension_GLandHR,spGL_StagingToEDW_DimCompany,DECLARE @DeleteCount INT,No db found
StagingToEDW_StagingToEDW_Dimension_GLandHR,spGL_StagingToEDW_DimCompany,DECLARE @tblMergeActions TABLE,No db found
StagingToEDW_StagingToEDW_Dimension_GLandHR,spGL_StagingToEDW_DimCompany,DECLARE @tblDeleteActions TABLE,No db found
StagingToEDW_StagingToEDW_Dimension_GLandHR,spGL_StagingToEDW_DimCompany,from Source,No db found
StagingToEDW_StagingToEDW_Dimension_GLandHR,spGL_StagingToEDW_DimCompany,from source ,No db found
StagingToEDW_StagingToEDW_Dimension_GLandHR,spGL_StagingToEDW_DimCompany,from Source.,Source
StagingToEDW_StagingToEDW_Dimension_GLandHR,spGL_StagingToEDW_DimCompany,UPDATE SET,No db found
StagingToEDW_StagingToEDW_Dimension_GLandHR,spGL_StagingToEDW_DimCompany,"FROM
             ",No db found
StagingToEDW_StagingToEDW_Dimension_GLandHR,spGL_StagingToEDW_DimCompany,FROM @tblMergeActions,No db found
StagingToEDW_StagingToEDW_Dimension_GLandHR,spGL_StagingToEDW_DimCompany,FROM @tblDeleteActions,No db found
StagingToEDW_StagingToEDW_Dimension_GLandHR,spGL_StagingToEDW_DimCompany,from into Target.,Target
StagingToEDW_StagingToEDW_Dimension_GLandHR,spGL_StagingToEDW_DimCompany,DECLARE @ErrMsg NVARCHAR,No db found
StagingToEDW_StagingToEDW_Dimension_GLandHR,spGL_StagingToEDW_DimCompanyRollup,from Staging to BING_EDW.,BING_EDW
StagingToEDW_StagingToEDW_Dimension_GLandHR,spGL_StagingToEDW_DimCompanyRollup,from Source by calling,No db found
StagingToEDW_StagingToEDW_Dimension_GLandHR,spGL_StagingToEDW_DimCompanyRollup,DECLARE @ProcName NVARCHAR,No db found
StagingToEDW_StagingToEDW_Dimension_GLandHR,spGL_StagingToEDW_DimCompanyRollup,DECLARE @DebugMsg NVARCHAR,No db found
StagingToEDW_StagingToEDW_Dimension_GLandHR,spGL_StagingToEDW_DimCompanyRollup,DECLARE @SourceName VARCHAR,No db found
StagingToEDW_StagingToEDW_Dimension_GLandHR,spGL_StagingToEDW_DimCompanyRollup,DECLARE @AuditId BIGINT,No db found
StagingToEDW_StagingToEDW_Dimension_GLandHR,spGL_StagingToEDW_DimCompanyRollup,DECLARE @RowCount INT,No db found
StagingToEDW_StagingToEDW_Dimension_GLandHR,spGL_StagingToEDW_DimCompanyRollup,DECLARE @Error INT,No db found
StagingToEDW_StagingToEDW_Dimension_GLandHR,spGL_StagingToEDW_DimCompanyRollup,DECLARE @SourceCount INT,No db found
StagingToEDW_StagingToEDW_Dimension_GLandHR,spGL_StagingToEDW_DimCompanyRollup,DECLARE @InsertCount INT,No db found
StagingToEDW_StagingToEDW_Dimension_GLandHR,spGL_StagingToEDW_DimCompanyRollup,DECLARE @UpdateCount INT,No db found
StagingToEDW_StagingToEDW_Dimension_GLandHR,spGL_StagingToEDW_DimCompanyRollup,DECLARE @DeleteCount INT,No db found
StagingToEDW_StagingToEDW_Dimension_GLandHR,spGL_StagingToEDW_DimCompanyRollup,DECLARE @tblMergeActions TABLE,No db found
StagingToEDW_StagingToEDW_Dimension_GLandHR,spGL_StagingToEDW_DimCompanyRollup,DECLARE @tblDeleteActions TABLE,No db found
StagingToEDW_StagingToEDW_Dimension_GLandHR,spGL_StagingToEDW_DimCompanyRollup,from Source,No db found
StagingToEDW_StagingToEDW_Dimension_GLandHR,spGL_StagingToEDW_DimCompanyRollup,from source ,No db found
StagingToEDW_StagingToEDW_Dimension_GLandHR,spGL_StagingToEDW_DimCompanyRollup,from Source.,Source
StagingToEDW_StagingToEDW_Dimension_GLandHR,spGL_StagingToEDW_DimCompanyRollup,UPDATE SET,No db found
StagingToEDW_StagingToEDW_Dimension_GLandHR,spGL_StagingToEDW_DimCompanyRollup,"FROM
             ",No db found
StagingToEDW_StagingToEDW_Dimension_GLandHR,spGL_StagingToEDW_DimCompanyRollup,FROM @tblMergeActions,No db found
StagingToEDW_StagingToEDW_Dimension_GLandHR,spGL_StagingToEDW_DimCompanyRollup,FROM @tblDeleteActions,No db found
StagingToEDW_StagingToEDW_Dimension_GLandHR,spGL_StagingToEDW_DimCompanyRollup,from into Target.,Target
StagingToEDW_StagingToEDW_Dimension_GLandHR,spGL_StagingToEDW_DimCompanyRollup,DECLARE @ErrMsg NVARCHAR,No db found
StagingToEDW_StagingToEDW_Dimension_GLandHR,spGL_StagingToEDW_DimCostCenterType,FROM sys.objects,sys
StagingToEDW_StagingToEDW_Dimension_GLandHR,spGL_StagingToEDW_DimCostCenterType,from Staging to BING_EDW.,BING_EDW
StagingToEDW_StagingToEDW_Dimension_GLandHR,spGL_StagingToEDW_DimCostCenterType,from Source by calling,No db found
StagingToEDW_StagingToEDW_Dimension_GLandHR,spGL_StagingToEDW_DimCostCenterType,from source,No db found
StagingToEDW_StagingToEDW_Dimension_GLandHR,spGL_StagingToEDW_DimCostCenterType,DECLARE @ProcName NVARCHAR,No db found
StagingToEDW_StagingToEDW_Dimension_GLandHR,spGL_StagingToEDW_DimCostCenterType,DECLARE @DebugMsg NVARCHAR,No db found
StagingToEDW_StagingToEDW_Dimension_GLandHR,spGL_StagingToEDW_DimCostCenterType,DECLARE @SourceName VARCHAR,No db found
StagingToEDW_StagingToEDW_Dimension_GLandHR,spGL_StagingToEDW_DimCostCenterType,DECLARE @AuditId BIGINT,No db found
StagingToEDW_StagingToEDW_Dimension_GLandHR,spGL_StagingToEDW_DimCostCenterType,DECLARE @RowCount INT,No db found
StagingToEDW_StagingToEDW_Dimension_GLandHR,spGL_StagingToEDW_DimCostCenterType,DECLARE @Error INT,No db found
StagingToEDW_StagingToEDW_Dimension_GLandHR,spGL_StagingToEDW_DimCostCenterType,DECLARE @SourceCount INT,No db found
StagingToEDW_StagingToEDW_Dimension_GLandHR,spGL_StagingToEDW_DimCostCenterType,DECLARE @InsertCount INT,No db found
StagingToEDW_StagingToEDW_Dimension_GLandHR,spGL_StagingToEDW_DimCostCenterType,DECLARE @UpdateCount INT,No db found
StagingToEDW_StagingToEDW_Dimension_GLandHR,spGL_StagingToEDW_DimCostCenterType,DECLARE @DeleteCount INT,No db found
StagingToEDW_StagingToEDW_Dimension_GLandHR,spGL_StagingToEDW_DimCostCenterType,DECLARE @tblMergeActions TABLE,No db found
StagingToEDW_StagingToEDW_Dimension_GLandHR,spGL_StagingToEDW_DimCostCenterType,DECLARE @tblDeleteActions TABLE,No db found
StagingToEDW_StagingToEDW_Dimension_GLandHR,spGL_StagingToEDW_DimCostCenterType,from Source,No db found
StagingToEDW_StagingToEDW_Dimension_GLandHR,spGL_StagingToEDW_DimCostCenterType,from source ,No db found
StagingToEDW_StagingToEDW_Dimension_GLandHR,spGL_StagingToEDW_DimCostCenterType,from Source.,Source
StagingToEDW_StagingToEDW_Dimension_GLandHR,spGL_StagingToEDW_DimCostCenterType,UPDATE SET,No db found
StagingToEDW_StagingToEDW_Dimension_GLandHR,spGL_StagingToEDW_DimCostCenterType,"FROM
             ",No db found
StagingToEDW_StagingToEDW_Dimension_GLandHR,spGL_StagingToEDW_DimCostCenterType,FROM @tblMergeActions,No db found
StagingToEDW_StagingToEDW_Dimension_GLandHR,spGL_StagingToEDW_DimCostCenterType,FROM @tblDeleteActions,No db found
StagingToEDW_StagingToEDW_Dimension_GLandHR,spGL_StagingToEDW_DimCostCenterType,from into Target.,Target
StagingToEDW_StagingToEDW_Dimension_GLandHR,spGL_StagingToEDW_DimCostCenterType,DECLARE @ErrMsg NVARCHAR,No db found
StagingToEDW_StagingToEDW_Dimension_GLandHR,spHR_StagingGenerate_OrgLeaderAccess,"from
        ",No db found
StagingToEDW_StagingToEDW_Dimension_GLandHR,spHR_StagingGenerate_OrgLeaderAccess,Update the join to bring all leaders name even when source doesn,No db found
StagingToEDW_StagingToEDW_Dimension_GLandHR,spHR_StagingGenerate_OrgLeaderAccess,Update the logic for defining Division Leader,No db found
StagingToEDW_StagingToEDW_Dimension_GLandHR,spHR_StagingGenerate_OrgLeaderAccess,DECLARE @ProcName NVARCHAR,No db found
StagingToEDW_StagingToEDW_Dimension_GLandHR,spHR_StagingGenerate_OrgLeaderAccess,DECLARE @DebugMsg NVARCHAR,No db found
StagingToEDW_StagingToEDW_Dimension_GLandHR,spHR_StagingGenerate_OrgLeaderAccess,DECLARE @SourceName VARCHAR,No db found
StagingToEDW_StagingToEDW_Dimension_GLandHR,spHR_StagingGenerate_OrgLeaderAccess,DECLARE @AuditId BIGINT,No db found
StagingToEDW_StagingToEDW_Dimension_GLandHR,spHR_StagingGenerate_OrgLeaderAccess,DECLARE @RowCount INT,No db found
StagingToEDW_StagingToEDW_Dimension_GLandHR,spHR_StagingGenerate_OrgLeaderAccess,DECLARE @Error INT,No db found
StagingToEDW_StagingToEDW_Dimension_GLandHR,spHR_StagingGenerate_OrgLeaderAccess,DECLARE @SourceCount INT,No db found
StagingToEDW_StagingToEDW_Dimension_GLandHR,spHR_StagingGenerate_OrgLeaderAccess,DECLARE @InsertCount INT,No db found
StagingToEDW_StagingToEDW_Dimension_GLandHR,spHR_StagingGenerate_OrgLeaderAccess,DECLARE @UpdateCount INT,No db found
StagingToEDW_StagingToEDW_Dimension_GLandHR,spHR_StagingGenerate_OrgLeaderAccess,DECLARE @DeleteCount INT,No db found
StagingToEDW_StagingToEDW_Dimension_GLandHR,spHR_StagingGenerate_OrgLeaderAccess,from the vOrgs view,No db found
StagingToEDW_StagingToEDW_Dimension_GLandHR,spHR_StagingGenerate_OrgLeaderAccess,FROM vOrgs,No db found
StagingToEDW_StagingToEDW_Dimension_GLandHR,spHR_StagingGenerate_OrgLeaderAccess,"FROM
                     ",No db found
StagingToEDW_StagingToEDW_Dimension_GLandHR,spHR_StagingGenerate_OrgLeaderAccess,from org_lv_1 as Level2 OrgID,No db found
StagingToEDW_StagingToEDW_Dimension_GLandHR,spHR_StagingGenerate_OrgLeaderAccess,JOIN ,No db found
StagingToEDW_StagingToEDW_Dimension_GLandHR,spHR_StagingGenerate_OrgLeaderAccess,FROM FlattenedOrgs flat_orgs,No db found
StagingToEDW_StagingToEDW_Dimension_GLandHR,spHR_StagingGenerate_OrgLeaderAccess,from GL_Staging.  It produces a list of what ,GL_Staging
StagingToEDW_StagingToEDW_Dimension_GLandHR,spHR_StagingGenerate_OrgLeaderAccess,FROM GL_Staging.dbo.xxklcOilXrefValuesV,GL_Staging
StagingToEDW_StagingToEDW_Dimension_GLandHR,spHR_StagingGenerate_OrgLeaderAccess,FROM OrgHierarchy org_hier,No db found
StagingToEDW_StagingToEDW_Dimension_GLandHR,spHR_StagingGenerate_OrgLeaderAccess,JOIN OrgTypeAccess org_typ_acc ON org_hier.OrgTypeCode ,org_hier
StagingToEDW_StagingToEDW_Dimension_GLandHR,spHR_StagingGenerate_OrgLeaderAccess,JOIN CanAccessOrgs can_acc_orgs ON org_hier.HierarchyOrgID ,org_hier
StagingToEDW_StagingToEDW_Dimension_GLandHR,spHR_StagingGenerate_OrgLeaderAccess,FROM OrgHierarchy,No db found
StagingToEDW_StagingToEDW_Dimension_GLandHR,spHR_StagingGenerate_OrgLeaderAccess,FROM LevelUpAccess lvl_up_acc,No db found
StagingToEDW_StagingToEDW_Dimension_GLandHR,spHR_StagingGenerate_OrgLeaderAccess,JOIN NormalAccess nrml_acc ON lvl_up_acc.OrgID ,lvl_up_acc
StagingToEDW_StagingToEDW_Dimension_GLandHR,spHR_StagingGenerate_OrgLeaderAccess,from GL_Staging,No db found
StagingToEDW_StagingToEDW_Dimension_GLandHR,spHR_StagingGenerate_OrgLeaderAccess,FROM GL_Staging.dbo.xxklcoilxrefvaluesv a,GL_Staging
StagingToEDW_StagingToEDW_Dimension_GLandHR,spHR_StagingGenerate_OrgLeaderAccess,FROM HR_Staging..vPeople ,HR_Staging
StagingToEDW_StagingToEDW_Dimension_GLandHR,spHR_StagingGenerate_OrgLeaderAccess,FROM vAssignments v_assn,No db found
StagingToEDW_StagingToEDW_Dimension_GLandHR,spHR_StagingGenerate_OrgLeaderAccess,JOIN vPositions v_pos ON v_assn.PositionID ,v_assn
StagingToEDW_StagingToEDW_Dimension_GLandHR,spHR_StagingGenerate_OrgLeaderAccess,JOIN vOrgs v_orgs ON v_assn.OrgID ,v_assn
StagingToEDW_StagingToEDW_Dimension_GLandHR,spHR_StagingGenerate_OrgLeaderAccess,FROM SortedAssignments,No db found
StagingToEDW_StagingToEDW_Dimension_GLandHR,spHR_StagingGenerate_OrgLeaderAccess,JOIN SequencedAssignments seq_assn ON tmp_assn.OrgID ,tmp_assn
StagingToEDW_StagingToEDW_Dimension_GLandHR,spHR_StagingGenerate_OrgLeaderAccess,joining to LongestSequencedAssignments CTE,No db found
StagingToEDW_StagingToEDW_Dimension_GLandHR,spHR_StagingGenerate_OrgLeaderAccess,JOIN LongestSequencedAssignments lng_seq_assn ON tmp_assn.OrgID ,tmp_assn
StagingToEDW_StagingToEDW_Dimension_GLandHR,spHR_StagingGenerate_OrgLeaderAccess,UPDATE dbo.OrgLeaderAccess,dbo
StagingToEDW_StagingToEDW_Dimension_GLandHR,spHR_StagingGenerate_OrgLeaderAccess,from Target.,Target
StagingToEDW_StagingToEDW_Dimension_GLandHR,spHR_StagingGenerate_OrgLeaderAccess,FROM dbo.OrgLeaderAccess,dbo
StagingToEDW_StagingToEDW_Dimension_GLandHR,spHR_StagingGenerate_OrgLeaderAccess,INSERT INTO dbo.OrgLeaderAccess,dbo
StagingToEDW_StagingToEDW_Dimension_GLandHR,spHR_StagingGenerate_OrgLeaderAccess,join to ,No db found
StagingToEDW_StagingToEDW_Dimension_GLandHR,spHR_StagingGenerate_OrgLeaderAccess,DECLARE @ErrMsg NVARCHAR,No db found
StagingToEDW_StagingToEDW_Dimension_GLandHR,spHR_StagingToEDW_BridgeSecurityPersonHRISGroup,FROM sys.objects,sys
StagingToEDW_StagingToEDW_Dimension_GLandHR,spHR_StagingToEDW_BridgeSecurityPersonHRISGroup,Update ETL process for,No db found
StagingToEDW_StagingToEDW_Dimension_GLandHR,spHR_StagingToEDW_BridgeSecurityPersonHRISGroup,from Staging to BING_EDW.,BING_EDW
StagingToEDW_StagingToEDW_Dimension_GLandHR,spHR_StagingToEDW_BridgeSecurityPersonHRISGroup,from Source by calling,No db found
StagingToEDW_StagingToEDW_Dimension_GLandHR,spHR_StagingToEDW_BridgeSecurityPersonHRISGroup,Update counts to caller,No db found
StagingToEDW_StagingToEDW_Dimension_GLandHR,spHR_StagingToEDW_BridgeSecurityPersonHRISGroup,from source,No db found
StagingToEDW_StagingToEDW_Dimension_GLandHR,spHR_StagingToEDW_BridgeSecurityPersonHRISGroup,DECLARE @ProcName NVARCHAR,No db found
StagingToEDW_StagingToEDW_Dimension_GLandHR,spHR_StagingToEDW_BridgeSecurityPersonHRISGroup,DECLARE @DebugMsg NVARCHAR,No db found
StagingToEDW_StagingToEDW_Dimension_GLandHR,spHR_StagingToEDW_BridgeSecurityPersonHRISGroup,DECLARE @SourceName VARCHAR,No db found
StagingToEDW_StagingToEDW_Dimension_GLandHR,spHR_StagingToEDW_BridgeSecurityPersonHRISGroup,DECLARE @AuditId BIGINT,No db found
StagingToEDW_StagingToEDW_Dimension_GLandHR,spHR_StagingToEDW_BridgeSecurityPersonHRISGroup,DECLARE @RowCount INT,No db found
StagingToEDW_StagingToEDW_Dimension_GLandHR,spHR_StagingToEDW_BridgeSecurityPersonHRISGroup,DECLARE @Error INT,No db found
StagingToEDW_StagingToEDW_Dimension_GLandHR,spHR_StagingToEDW_BridgeSecurityPersonHRISGroup,DECLARE @SourceCount INT,No db found
StagingToEDW_StagingToEDW_Dimension_GLandHR,spHR_StagingToEDW_BridgeSecurityPersonHRISGroup,DECLARE @InsertCount INT,No db found
StagingToEDW_StagingToEDW_Dimension_GLandHR,spHR_StagingToEDW_BridgeSecurityPersonHRISGroup,DECLARE @UpdateCount INT,No db found
StagingToEDW_StagingToEDW_Dimension_GLandHR,spHR_StagingToEDW_BridgeSecurityPersonHRISGroup,DECLARE @DeleteCount INT,No db found
StagingToEDW_StagingToEDW_Dimension_GLandHR,spHR_StagingToEDW_BridgeSecurityPersonHRISGroup,DECLARE @tblMergeActions TABLE,No db found
StagingToEDW_StagingToEDW_Dimension_GLandHR,spHR_StagingToEDW_BridgeSecurityPersonHRISGroup,FROM Source,No db found
StagingToEDW_StagingToEDW_Dimension_GLandHR,spHR_StagingToEDW_BridgeSecurityPersonHRISGroup,FROM source ,No db found
StagingToEDW_StagingToEDW_Dimension_GLandHR,spHR_StagingToEDW_BridgeSecurityPersonHRISGroup,FROM Source.,Source
StagingToEDW_StagingToEDW_Dimension_GLandHR,spHR_StagingToEDW_BridgeSecurityPersonHRISGroup,UPDATE SET,No db found
StagingToEDW_StagingToEDW_Dimension_GLandHR,spHR_StagingToEDW_BridgeSecurityPersonHRISGroup,"FROM
             ",No db found
StagingToEDW_StagingToEDW_Dimension_GLandHR,spHR_StagingToEDW_BridgeSecurityPersonHRISGroup,FROM @tblMergeActions,No db found
StagingToEDW_StagingToEDW_Dimension_GLandHR,spHR_StagingToEDW_BridgeSecurityPersonHRISGroup,FROM into Target.,Target
StagingToEDW_StagingToEDW_Dimension_GLandHR,spHR_StagingToEDW_BridgeSecurityPersonHRISGroup,DECLARE @ErrMsg NVARCHAR,No db found
StagingToEDW_StagingToEDW_Dimension_GLandHR,spHR_StagingToEDW_BridgeSecurityPersonOrg,from Staging to BING_EDW.,BING_EDW
StagingToEDW_StagingToEDW_Dimension_GLandHR,spHR_StagingToEDW_BridgeSecurityPersonOrg,from SSIS logic,No db found
StagingToEDW_StagingToEDW_Dimension_GLandHR,spHR_StagingToEDW_BridgeSecurityPersonOrg,DECLARE @ProcName NVARCHAR,No db found
StagingToEDW_StagingToEDW_Dimension_GLandHR,spHR_StagingToEDW_BridgeSecurityPersonOrg,DECLARE @DebugMsg NVARCHAR,No db found
StagingToEDW_StagingToEDW_Dimension_GLandHR,spHR_StagingToEDW_BridgeSecurityPersonOrg,DECLARE @SourceName VARCHAR,No db found
StagingToEDW_StagingToEDW_Dimension_GLandHR,spHR_StagingToEDW_BridgeSecurityPersonOrg,DECLARE @AuditId BIGINT,No db found
StagingToEDW_StagingToEDW_Dimension_GLandHR,spHR_StagingToEDW_BridgeSecurityPersonOrg,DECLARE @RowCount INT,No db found
StagingToEDW_StagingToEDW_Dimension_GLandHR,spHR_StagingToEDW_BridgeSecurityPersonOrg,DECLARE @Error INT,No db found
StagingToEDW_StagingToEDW_Dimension_GLandHR,spHR_StagingToEDW_BridgeSecurityPersonOrg,DECLARE @SourceCount INT,No db found
StagingToEDW_StagingToEDW_Dimension_GLandHR,spHR_StagingToEDW_BridgeSecurityPersonOrg,DECLARE @InsertCount INT,No db found
StagingToEDW_StagingToEDW_Dimension_GLandHR,spHR_StagingToEDW_BridgeSecurityPersonOrg,DECLARE @UpdateCount INT,No db found
StagingToEDW_StagingToEDW_Dimension_GLandHR,spHR_StagingToEDW_BridgeSecurityPersonOrg,DECLARE @DeleteCount INT,No db found
StagingToEDW_StagingToEDW_Dimension_GLandHR,spHR_StagingToEDW_BridgeSecurityPersonOrg,from Source,No db found
StagingToEDW_StagingToEDW_Dimension_GLandHR,spHR_StagingToEDW_BridgeSecurityPersonOrg,Insert Into BING_EDW Table ,No db found
StagingToEDW_StagingToEDW_Dimension_GLandHR,spHR_StagingToEDW_BridgeSecurityPersonOrg,Insert into BING_EDW.dbo.BridgeSecurityPersonOrg,BING_EDW
StagingToEDW_StagingToEDW_Dimension_GLandHR,spHR_StagingToEDW_BridgeSecurityPersonOrg,from dbo.OrgLeaderAccess OLA,dbo
StagingToEDW_StagingToEDW_Dimension_GLandHR,spHR_StagingToEDW_BridgeSecurityPersonOrg,JOIN BING_EDW.dbo.DimPerson DP on OLA.EmployeeNumber,BING_EDW
StagingToEDW_StagingToEDW_Dimension_GLandHR,spHR_StagingToEDW_BridgeSecurityPersonOrg,JOIN BING_EDW.dbo.DimOrganization DO on OLA.CanAccessOrgID,BING_EDW
StagingToEDW_StagingToEDW_Dimension_GLandHR,spHR_StagingToEDW_BridgeSecurityPersonOrg,from source ,No db found
StagingToEDW_StagingToEDW_Dimension_GLandHR,spHR_StagingToEDW_BridgeSecurityPersonOrg,from Source.,Source
StagingToEDW_StagingToEDW_Dimension_GLandHR,spHR_StagingToEDW_BridgeSecurityPersonOrg,FROM [BING_EDW].[dbo].[BridgeSecurityPersonOrg] ,[BING_EDW]
StagingToEDW_StagingToEDW_Dimension_GLandHR,spHR_StagingToEDW_BridgeSecurityPersonOrg,DECLARE @ErrMsg NVARCHAR,No db found
StagingToEDW_StagingToEDW_Dimension_GLandHR,spHR_StagingToEDW_DimAssessmentType,from Staging to BING_EDW.,BING_EDW
StagingToEDW_StagingToEDW_Dimension_GLandHR,spHR_StagingToEDW_DimAssessmentType,from source,No db found
StagingToEDW_StagingToEDW_Dimension_GLandHR,spHR_StagingToEDW_DimAssessmentType,DECLARE @ProcName NVARCHAR,No db found
StagingToEDW_StagingToEDW_Dimension_GLandHR,spHR_StagingToEDW_DimAssessmentType,DECLARE @DebugMsg NVARCHAR,No db found
StagingToEDW_StagingToEDW_Dimension_GLandHR,spHR_StagingToEDW_DimAssessmentType,DECLARE @SourceName VARCHAR,No db found
StagingToEDW_StagingToEDW_Dimension_GLandHR,spHR_StagingToEDW_DimAssessmentType,DECLARE @AuditId BIGINT,No db found
StagingToEDW_StagingToEDW_Dimension_GLandHR,spHR_StagingToEDW_DimAssessmentType,DECLARE @RowCount INT,No db found
StagingToEDW_StagingToEDW_Dimension_GLandHR,spHR_StagingToEDW_DimAssessmentType,DECLARE @Error INT,No db found
StagingToEDW_StagingToEDW_Dimension_GLandHR,spHR_StagingToEDW_DimAssessmentType,DECLARE @SourceCount INT,No db found
StagingToEDW_StagingToEDW_Dimension_GLandHR,spHR_StagingToEDW_DimAssessmentType,DECLARE @InsertCount INT,No db found
StagingToEDW_StagingToEDW_Dimension_GLandHR,spHR_StagingToEDW_DimAssessmentType,DECLARE @UpdateCount INT,No db found
StagingToEDW_StagingToEDW_Dimension_GLandHR,spHR_StagingToEDW_DimAssessmentType,DECLARE @DeleteCount INT,No db found
StagingToEDW_StagingToEDW_Dimension_GLandHR,spHR_StagingToEDW_DimAssessmentType,from Source,No db found
StagingToEDW_StagingToEDW_Dimension_GLandHR,spHR_StagingToEDW_DimAssessmentType,from theb usual pattern of using,No db found
StagingToEDW_StagingToEDW_Dimension_GLandHR,spHR_StagingToEDW_DimAssessmentType,FROM dbo.vAssessmentTypes,dbo
StagingToEDW_StagingToEDW_Dimension_GLandHR,spHR_StagingToEDW_DimAssessmentType,FROM [BING_EDW].[dbo].[DimAssessmentType],[BING_EDW]
StagingToEDW_StagingToEDW_Dimension_GLandHR,spHR_StagingToEDW_DimAssessmentType,from Target.,Target
StagingToEDW_StagingToEDW_Dimension_GLandHR,spHR_StagingToEDW_DimAssessmentType,INSERT INTO [BING_EDW].[dbo].[DimAssessmentType],[BING_EDW]
StagingToEDW_StagingToEDW_Dimension_GLandHR,spHR_StagingToEDW_DimAssessmentType,from source ,No db found
StagingToEDW_StagingToEDW_Dimension_GLandHR,spHR_StagingToEDW_DimAssessmentType,from Source.,Source
StagingToEDW_StagingToEDW_Dimension_GLandHR,spHR_StagingToEDW_DimAssessmentType,DECLARE @ErrMsg NVARCHAR,No db found
StagingToEDW_StagingToEDW_Dimension_GLandHR,spHR_StagingToEDW_DimAssignmentType,from Staging to BING_EDW.,BING_EDW
StagingToEDW_StagingToEDW_Dimension_GLandHR,spHR_StagingToEDW_DimAssignmentType,from source,No db found
StagingToEDW_StagingToEDW_Dimension_GLandHR,spHR_StagingToEDW_DimAssignmentType,DECLARE @ProcName NVARCHAR,No db found
StagingToEDW_StagingToEDW_Dimension_GLandHR,spHR_StagingToEDW_DimAssignmentType,DECLARE @DebugMsg NVARCHAR,No db found
StagingToEDW_StagingToEDW_Dimension_GLandHR,spHR_StagingToEDW_DimAssignmentType,DECLARE @SourceName VARCHAR,No db found
StagingToEDW_StagingToEDW_Dimension_GLandHR,spHR_StagingToEDW_DimAssignmentType,DECLARE @AuditId BIGINT,No db found
StagingToEDW_StagingToEDW_Dimension_GLandHR,spHR_StagingToEDW_DimAssignmentType,DECLARE @RowCount INT,No db found
StagingToEDW_StagingToEDW_Dimension_GLandHR,spHR_StagingToEDW_DimAssignmentType,DECLARE @Error INT,No db found
StagingToEDW_StagingToEDW_Dimension_GLandHR,spHR_StagingToEDW_DimAssignmentType,DECLARE @SourceCount INT,No db found
StagingToEDW_StagingToEDW_Dimension_GLandHR,spHR_StagingToEDW_DimAssignmentType,DECLARE @InsertCount INT,No db found
StagingToEDW_StagingToEDW_Dimension_GLandHR,spHR_StagingToEDW_DimAssignmentType,DECLARE @UpdateCount INT,No db found
StagingToEDW_StagingToEDW_Dimension_GLandHR,spHR_StagingToEDW_DimAssignmentType,DECLARE @DeleteCount INT,No db found
StagingToEDW_StagingToEDW_Dimension_GLandHR,spHR_StagingToEDW_DimAssignmentType,from Source,No db found
StagingToEDW_StagingToEDW_Dimension_GLandHR,spHR_StagingToEDW_DimAssignmentType,from theb usual pattern of using,No db found
StagingToEDW_StagingToEDW_Dimension_GLandHR,spHR_StagingToEDW_DimAssignmentType,FROM dbo.vAssignmentTypes,dbo
StagingToEDW_StagingToEDW_Dimension_GLandHR,spHR_StagingToEDW_DimAssignmentType,FROM [BING_EDW].[dbo].[DimAssignmentType],[BING_EDW]
StagingToEDW_StagingToEDW_Dimension_GLandHR,spHR_StagingToEDW_DimAssignmentType,from Target.,Target
StagingToEDW_StagingToEDW_Dimension_GLandHR,spHR_StagingToEDW_DimAssignmentType,INSERT INTO [BING_EDW].[dbo].[DimAssignmentType],[BING_EDW]
StagingToEDW_StagingToEDW_Dimension_GLandHR,spHR_StagingToEDW_DimAssignmentType,from source ,No db found
StagingToEDW_StagingToEDW_Dimension_GLandHR,spHR_StagingToEDW_DimAssignmentType,from Source.,Source
StagingToEDW_StagingToEDW_Dimension_GLandHR,spHR_StagingToEDW_DimAssignmentType,DECLARE @ErrMsg NVARCHAR,No db found
StagingToEDW_StagingToEDW_Dimension_GLandHR,spHR_StagingToEDW_DimComplianceItem,FROM sys.objects,sys
StagingToEDW_StagingToEDW_Dimension_GLandHR,spHR_StagingToEDW_DimComplianceItem,Update ETL process for,No db found
StagingToEDW_StagingToEDW_Dimension_GLandHR,spHR_StagingToEDW_DimComplianceItem,from Staging to BING_EDW.,BING_EDW
StagingToEDW_StagingToEDW_Dimension_GLandHR,spHR_StagingToEDW_DimComplianceItem,from Source by calling,No db found
StagingToEDW_StagingToEDW_Dimension_GLandHR,spHR_StagingToEDW_DimComplianceItem,Update counts to caller,No db found
StagingToEDW_StagingToEDW_Dimension_GLandHR,spHR_StagingToEDW_DimComplianceItem,from source,No db found
StagingToEDW_StagingToEDW_Dimension_GLandHR,spHR_StagingToEDW_DimComplianceItem,DECLARE @ProcName NVARCHAR,No db found
StagingToEDW_StagingToEDW_Dimension_GLandHR,spHR_StagingToEDW_DimComplianceItem,DECLARE @DebugMsg NVARCHAR,No db found
StagingToEDW_StagingToEDW_Dimension_GLandHR,spHR_StagingToEDW_DimComplianceItem,DECLARE @SourceName VARCHAR,No db found
StagingToEDW_StagingToEDW_Dimension_GLandHR,spHR_StagingToEDW_DimComplianceItem,DECLARE @AuditId BIGINT,No db found
StagingToEDW_StagingToEDW_Dimension_GLandHR,spHR_StagingToEDW_DimComplianceItem,DECLARE @RowCount INT,No db found
StagingToEDW_StagingToEDW_Dimension_GLandHR,spHR_StagingToEDW_DimComplianceItem,DECLARE @Error INT,No db found
StagingToEDW_StagingToEDW_Dimension_GLandHR,spHR_StagingToEDW_DimComplianceItem,DECLARE @SourceCount INT,No db found
StagingToEDW_StagingToEDW_Dimension_GLandHR,spHR_StagingToEDW_DimComplianceItem,DECLARE @InsertCount INT,No db found
StagingToEDW_StagingToEDW_Dimension_GLandHR,spHR_StagingToEDW_DimComplianceItem,DECLARE @UpdateCount INT,No db found
StagingToEDW_StagingToEDW_Dimension_GLandHR,spHR_StagingToEDW_DimComplianceItem,DECLARE @DeleteCount INT,No db found
StagingToEDW_StagingToEDW_Dimension_GLandHR,spHR_StagingToEDW_DimComplianceItem,DECLARE @tblMergeActions TABLE,No db found
StagingToEDW_StagingToEDW_Dimension_GLandHR,spHR_StagingToEDW_DimComplianceItem,FROM Source,No db found
StagingToEDW_StagingToEDW_Dimension_GLandHR,spHR_StagingToEDW_DimComplianceItem,FROM source ,No db found
StagingToEDW_StagingToEDW_Dimension_GLandHR,spHR_StagingToEDW_DimComplianceItem,FROM Source.,Source
StagingToEDW_StagingToEDW_Dimension_GLandHR,spHR_StagingToEDW_DimComplianceItem,UPDATE SET,No db found
StagingToEDW_StagingToEDW_Dimension_GLandHR,spHR_StagingToEDW_DimComplianceItem,"FROM
             ",No db found
StagingToEDW_StagingToEDW_Dimension_GLandHR,spHR_StagingToEDW_DimComplianceItem,FROM @tblMergeActions,No db found
StagingToEDW_StagingToEDW_Dimension_GLandHR,spHR_StagingToEDW_DimComplianceItem,FROM into Target.,Target
StagingToEDW_StagingToEDW_Dimension_GLandHR,spHR_StagingToEDW_DimComplianceItem,DECLARE @ErrMsg NVARCHAR,No db found
StagingToEDW_StagingToEDW_Dimension_GLandHR,spHR_StagingToEDW_DimComplianceRating,from Staging to BING_EDW.,BING_EDW
StagingToEDW_StagingToEDW_Dimension_GLandHR,spHR_StagingToEDW_DimComplianceRating,from source,No db found
StagingToEDW_StagingToEDW_Dimension_GLandHR,spHR_StagingToEDW_DimComplianceRating,DECLARE @ProcName NVARCHAR,No db found
StagingToEDW_StagingToEDW_Dimension_GLandHR,spHR_StagingToEDW_DimComplianceRating,DECLARE @DebugMsg NVARCHAR,No db found
StagingToEDW_StagingToEDW_Dimension_GLandHR,spHR_StagingToEDW_DimComplianceRating,DECLARE @SourceName VARCHAR,No db found
StagingToEDW_StagingToEDW_Dimension_GLandHR,spHR_StagingToEDW_DimComplianceRating,DECLARE @AuditId BIGINT,No db found
StagingToEDW_StagingToEDW_Dimension_GLandHR,spHR_StagingToEDW_DimComplianceRating,DECLARE @RowCount INT,No db found
StagingToEDW_StagingToEDW_Dimension_GLandHR,spHR_StagingToEDW_DimComplianceRating,DECLARE @Error INT,No db found
StagingToEDW_StagingToEDW_Dimension_GLandHR,spHR_StagingToEDW_DimComplianceRating,DECLARE @SourceCount INT,No db found
StagingToEDW_StagingToEDW_Dimension_GLandHR,spHR_StagingToEDW_DimComplianceRating,DECLARE @InsertCount INT,No db found
StagingToEDW_StagingToEDW_Dimension_GLandHR,spHR_StagingToEDW_DimComplianceRating,DECLARE @UpdateCount INT,No db found
StagingToEDW_StagingToEDW_Dimension_GLandHR,spHR_StagingToEDW_DimComplianceRating,DECLARE @DeleteCount INT,No db found
StagingToEDW_StagingToEDW_Dimension_GLandHR,spHR_StagingToEDW_DimComplianceRating,from Source,No db found
StagingToEDW_StagingToEDW_Dimension_GLandHR,spHR_StagingToEDW_DimComplianceRating,from theb usual pattern of using,No db found
StagingToEDW_StagingToEDW_Dimension_GLandHR,spHR_StagingToEDW_DimComplianceRating,FROM dbo.vComplianceRatings,dbo
StagingToEDW_StagingToEDW_Dimension_GLandHR,spHR_StagingToEDW_DimComplianceRating,FROM [BING_EDW].[dbo].[DimComplianceRating],[BING_EDW]
StagingToEDW_StagingToEDW_Dimension_GLandHR,spHR_StagingToEDW_DimComplianceRating,from Target.,Target
StagingToEDW_StagingToEDW_Dimension_GLandHR,spHR_StagingToEDW_DimComplianceRating,INSERT INTO [BING_EDW].[dbo].[DimComplianceRating],[BING_EDW]
StagingToEDW_StagingToEDW_Dimension_GLandHR,spHR_StagingToEDW_DimComplianceRating,from source ,No db found
StagingToEDW_StagingToEDW_Dimension_GLandHR,spHR_StagingToEDW_DimComplianceRating,from Source.,Source
StagingToEDW_StagingToEDW_Dimension_GLandHR,spHR_StagingToEDW_DimComplianceRating,DECLARE @ErrMsg NVARCHAR,No db found
StagingToEDW_StagingToEDW_Dimension_GLandHR,spHR_StagingToEDW_DimHRUser,FROM sys.objects,sys
StagingToEDW_StagingToEDW_Dimension_GLandHR,spHR_StagingToEDW_DimHRUser,Update ETL process for,No db found
StagingToEDW_StagingToEDW_Dimension_GLandHR,spHR_StagingToEDW_DimHRUser,from Staging to BING_EDW.,BING_EDW
StagingToEDW_StagingToEDW_Dimension_GLandHR,spHR_StagingToEDW_DimHRUser,from Source by calling,No db found
StagingToEDW_StagingToEDW_Dimension_GLandHR,spHR_StagingToEDW_DimHRUser,Update counts to caller,No db found
StagingToEDW_StagingToEDW_Dimension_GLandHR,spHR_StagingToEDW_DimHRUser,from source,No db found
StagingToEDW_StagingToEDW_Dimension_GLandHR,spHR_StagingToEDW_DimHRUser,DECLARE @ProcName NVARCHAR,No db found
StagingToEDW_StagingToEDW_Dimension_GLandHR,spHR_StagingToEDW_DimHRUser,DECLARE @DebugMsg NVARCHAR,No db found
StagingToEDW_StagingToEDW_Dimension_GLandHR,spHR_StagingToEDW_DimHRUser,DECLARE @SourceName VARCHAR,No db found
StagingToEDW_StagingToEDW_Dimension_GLandHR,spHR_StagingToEDW_DimHRUser,DECLARE @AuditId BIGINT,No db found
StagingToEDW_StagingToEDW_Dimension_GLandHR,spHR_StagingToEDW_DimHRUser,DECLARE @RowCount INT,No db found
StagingToEDW_StagingToEDW_Dimension_GLandHR,spHR_StagingToEDW_DimHRUser,DECLARE @Error INT,No db found
StagingToEDW_StagingToEDW_Dimension_GLandHR,spHR_StagingToEDW_DimHRUser,DECLARE @SourceCount INT,No db found
StagingToEDW_StagingToEDW_Dimension_GLandHR,spHR_StagingToEDW_DimHRUser,DECLARE @InsertCount INT,No db found
StagingToEDW_StagingToEDW_Dimension_GLandHR,spHR_StagingToEDW_DimHRUser,DECLARE @UpdateCount INT,No db found
StagingToEDW_StagingToEDW_Dimension_GLandHR,spHR_StagingToEDW_DimHRUser,DECLARE @DeleteCount INT,No db found
StagingToEDW_StagingToEDW_Dimension_GLandHR,spHR_StagingToEDW_DimHRUser,DECLARE @tblMergeActions TABLE,No db found
StagingToEDW_StagingToEDW_Dimension_GLandHR,spHR_StagingToEDW_DimHRUser,FROM Source,No db found
StagingToEDW_StagingToEDW_Dimension_GLandHR,spHR_StagingToEDW_DimHRUser,FROM source ,No db found
StagingToEDW_StagingToEDW_Dimension_GLandHR,spHR_StagingToEDW_DimHRUser,FROM Source.,Source
StagingToEDW_StagingToEDW_Dimension_GLandHR,spHR_StagingToEDW_DimHRUser,UPDATE SET,No db found
StagingToEDW_StagingToEDW_Dimension_GLandHR,spHR_StagingToEDW_DimHRUser,"FROM
             ",No db found
StagingToEDW_StagingToEDW_Dimension_GLandHR,spHR_StagingToEDW_DimHRUser,FROM @tblMergeActions,No db found
StagingToEDW_StagingToEDW_Dimension_GLandHR,spHR_StagingToEDW_DimHRUser,FROM into Target.,Target
StagingToEDW_StagingToEDW_Dimension_GLandHR,spHR_StagingToEDW_DimHRUser,DECLARE @ErrMsg NVARCHAR,No db found
StagingToEDW_StagingToEDW_Dimension_GLandHR,spHR_StagingToEDW_DimLeaveReason,FROM sys.objects,sys
StagingToEDW_StagingToEDW_Dimension_GLandHR,spHR_StagingToEDW_DimLeaveReason,Update ETL process for,No db found
StagingToEDW_StagingToEDW_Dimension_GLandHR,spHR_StagingToEDW_DimLeaveReason,from Staging to BING_EDW.,BING_EDW
StagingToEDW_StagingToEDW_Dimension_GLandHR,spHR_StagingToEDW_DimLeaveReason,from Source by calling,No db found
StagingToEDW_StagingToEDW_Dimension_GLandHR,spHR_StagingToEDW_DimLeaveReason,Update counts to caller,No db found
StagingToEDW_StagingToEDW_Dimension_GLandHR,spHR_StagingToEDW_DimLeaveReason,from source,No db found
StagingToEDW_StagingToEDW_Dimension_GLandHR,spHR_StagingToEDW_DimLeaveReason,DECLARE @ProcName NVARCHAR,No db found
StagingToEDW_StagingToEDW_Dimension_GLandHR,spHR_StagingToEDW_DimLeaveReason,DECLARE @DebugMsg NVARCHAR,No db found
StagingToEDW_StagingToEDW_Dimension_GLandHR,spHR_StagingToEDW_DimLeaveReason,DECLARE @SourceName VARCHAR,No db found
StagingToEDW_StagingToEDW_Dimension_GLandHR,spHR_StagingToEDW_DimLeaveReason,DECLARE @AuditId BIGINT,No db found
StagingToEDW_StagingToEDW_Dimension_GLandHR,spHR_StagingToEDW_DimLeaveReason,DECLARE @RowCount INT,No db found
StagingToEDW_StagingToEDW_Dimension_GLandHR,spHR_StagingToEDW_DimLeaveReason,DECLARE @Error INT,No db found
StagingToEDW_StagingToEDW_Dimension_GLandHR,spHR_StagingToEDW_DimLeaveReason,DECLARE @SourceCount INT,No db found
StagingToEDW_StagingToEDW_Dimension_GLandHR,spHR_StagingToEDW_DimLeaveReason,DECLARE @InsertCount INT,No db found
StagingToEDW_StagingToEDW_Dimension_GLandHR,spHR_StagingToEDW_DimLeaveReason,DECLARE @UpdateCount INT,No db found
StagingToEDW_StagingToEDW_Dimension_GLandHR,spHR_StagingToEDW_DimLeaveReason,DECLARE @DeleteCount INT,No db found
StagingToEDW_StagingToEDW_Dimension_GLandHR,spHR_StagingToEDW_DimLeaveReason,DECLARE @SeedRowCount INT,No db found
StagingToEDW_StagingToEDW_Dimension_GLandHR,spHR_StagingToEDW_DimLeaveReason,DECLARE @tblMergeActions TABLE,No db found
StagingToEDW_StagingToEDW_Dimension_GLandHR,spHR_StagingToEDW_DimLeaveReason,FROM Source,No db found
StagingToEDW_StagingToEDW_Dimension_GLandHR,spHR_StagingToEDW_DimLeaveReason,FROM source ,No db found
StagingToEDW_StagingToEDW_Dimension_GLandHR,spHR_StagingToEDW_DimLeaveReason,FROM Source.,Source
StagingToEDW_StagingToEDW_Dimension_GLandHR,spHR_StagingToEDW_DimLeaveReason,FROM [BING_EDW].[dbo].[DimLeaveReason],[BING_EDW]
StagingToEDW_StagingToEDW_Dimension_GLandHR,spHR_StagingToEDW_DimLeaveReason,INSERT INTO [BING_EDW].[dbo].[DimLeaveReason] ,[BING_EDW]
StagingToEDW_StagingToEDW_Dimension_GLandHR,spHR_StagingToEDW_DimLeaveReason,UPDATE SET,No db found
StagingToEDW_StagingToEDW_Dimension_GLandHR,spHR_StagingToEDW_DimLeaveReason,"FROM
             ",No db found
StagingToEDW_StagingToEDW_Dimension_GLandHR,spHR_StagingToEDW_DimLeaveReason,FROM @tblMergeActions,No db found
StagingToEDW_StagingToEDW_Dimension_GLandHR,spHR_StagingToEDW_DimLeaveReason,FROM into Target.,Target
StagingToEDW_StagingToEDW_Dimension_GLandHR,spHR_StagingToEDW_DimLeaveReason,DECLARE @ErrMsg NVARCHAR,No db found
StagingToEDW_StagingToEDW_Dimension_GLandHR,spHR_StagingToEDW_DimLeaveType,FROM sys.objects,sys
StagingToEDW_StagingToEDW_Dimension_GLandHR,spHR_StagingToEDW_DimLeaveType,Update ETL process for,No db found
StagingToEDW_StagingToEDW_Dimension_GLandHR,spHR_StagingToEDW_DimLeaveType,from Staging to BING_EDW.,BING_EDW
StagingToEDW_StagingToEDW_Dimension_GLandHR,spHR_StagingToEDW_DimLeaveType,from Source by calling,No db found
StagingToEDW_StagingToEDW_Dimension_GLandHR,spHR_StagingToEDW_DimLeaveType,Update counts to caller,No db found
StagingToEDW_StagingToEDW_Dimension_GLandHR,spHR_StagingToEDW_DimLeaveType,from source,No db found
StagingToEDW_StagingToEDW_Dimension_GLandHR,spHR_StagingToEDW_DimLeaveType,DECLARE @ProcName NVARCHAR,No db found
StagingToEDW_StagingToEDW_Dimension_GLandHR,spHR_StagingToEDW_DimLeaveType,DECLARE @DebugMsg NVARCHAR,No db found
StagingToEDW_StagingToEDW_Dimension_GLandHR,spHR_StagingToEDW_DimLeaveType,DECLARE @SourceName VARCHAR,No db found
StagingToEDW_StagingToEDW_Dimension_GLandHR,spHR_StagingToEDW_DimLeaveType,DECLARE @AuditId BIGINT,No db found
StagingToEDW_StagingToEDW_Dimension_GLandHR,spHR_StagingToEDW_DimLeaveType,DECLARE @RowCount INT,No db found
StagingToEDW_StagingToEDW_Dimension_GLandHR,spHR_StagingToEDW_DimLeaveType,DECLARE @Error INT,No db found
StagingToEDW_StagingToEDW_Dimension_GLandHR,spHR_StagingToEDW_DimLeaveType,DECLARE @SourceCount INT,No db found
StagingToEDW_StagingToEDW_Dimension_GLandHR,spHR_StagingToEDW_DimLeaveType,DECLARE @InsertCount INT,No db found
StagingToEDW_StagingToEDW_Dimension_GLandHR,spHR_StagingToEDW_DimLeaveType,DECLARE @UpdateCount INT,No db found
StagingToEDW_StagingToEDW_Dimension_GLandHR,spHR_StagingToEDW_DimLeaveType,DECLARE @DeleteCount INT,No db found
StagingToEDW_StagingToEDW_Dimension_GLandHR,spHR_StagingToEDW_DimLeaveType,DECLARE @tblMergeActions TABLE,No db found
StagingToEDW_StagingToEDW_Dimension_GLandHR,spHR_StagingToEDW_DimLeaveType,FROM Source,No db found
StagingToEDW_StagingToEDW_Dimension_GLandHR,spHR_StagingToEDW_DimLeaveType,FROM source ,No db found
StagingToEDW_StagingToEDW_Dimension_GLandHR,spHR_StagingToEDW_DimLeaveType,FROM Source.,Source
StagingToEDW_StagingToEDW_Dimension_GLandHR,spHR_StagingToEDW_DimLeaveType,UPDATE SET,No db found
StagingToEDW_StagingToEDW_Dimension_GLandHR,spHR_StagingToEDW_DimLeaveType,"FROM
             ",No db found
StagingToEDW_StagingToEDW_Dimension_GLandHR,spHR_StagingToEDW_DimLeaveType,FROM @tblMergeActions,No db found
StagingToEDW_StagingToEDW_Dimension_GLandHR,spHR_StagingToEDW_DimLeaveType,FROM into Target.,Target
StagingToEDW_StagingToEDW_Dimension_GLandHR,spHR_StagingToEDW_DimLeaveType,DECLARE @ErrMsg NVARCHAR,No db found
StagingToEDW_StagingToEDW_Dimension_GLandHR,spHR_StagingToEDW_DimLocation,FROM sys.objects,sys
StagingToEDW_StagingToEDW_Dimension_GLandHR,spHR_StagingToEDW_DimLocation,from Staging to BING_EDW.,BING_EDW
StagingToEDW_StagingToEDW_Dimension_GLandHR,spHR_StagingToEDW_DimLocation,from Source by calling,No db found
StagingToEDW_StagingToEDW_Dimension_GLandHR,spHR_StagingToEDW_DimLocation,from step 3,No db found
StagingToEDW_StagingToEDW_Dimension_GLandHR,spHR_StagingToEDW_DimLocation,from source,No db found
StagingToEDW_StagingToEDW_Dimension_GLandHR,spHR_StagingToEDW_DimLocation,from HR_Staging ,No db found
StagingToEDW_StagingToEDW_Dimension_GLandHR,spHR_StagingToEDW_DimLocation,DECLARE @ProcName NVARCHAR,No db found
StagingToEDW_StagingToEDW_Dimension_GLandHR,spHR_StagingToEDW_DimLocation,DECLARE @DebugMsg NVARCHAR,No db found
StagingToEDW_StagingToEDW_Dimension_GLandHR,spHR_StagingToEDW_DimLocation,DECLARE @SourceName VARCHAR,No db found
StagingToEDW_StagingToEDW_Dimension_GLandHR,spHR_StagingToEDW_DimLocation,DECLARE @AuditId BIGINT,No db found
StagingToEDW_StagingToEDW_Dimension_GLandHR,spHR_StagingToEDW_DimLocation,DECLARE @RowCount INT,No db found
StagingToEDW_StagingToEDW_Dimension_GLandHR,spHR_StagingToEDW_DimLocation,DECLARE @Error INT,No db found
StagingToEDW_StagingToEDW_Dimension_GLandHR,spHR_StagingToEDW_DimLocation,DECLARE @SourceCount INT,No db found
StagingToEDW_StagingToEDW_Dimension_GLandHR,spHR_StagingToEDW_DimLocation,DECLARE @InsertCount INT,No db found
StagingToEDW_StagingToEDW_Dimension_GLandHR,spHR_StagingToEDW_DimLocation,DECLARE @UpdateCount INT,No db found
StagingToEDW_StagingToEDW_Dimension_GLandHR,spHR_StagingToEDW_DimLocation,DECLARE @DeleteCount INT,No db found
StagingToEDW_StagingToEDW_Dimension_GLandHR,spHR_StagingToEDW_DimLocation,DECLARE @tblMrgeActions_SCD2 TABLE,No db found
StagingToEDW_StagingToEDW_Dimension_GLandHR,spHR_StagingToEDW_DimLocation,from Source,No db found
StagingToEDW_StagingToEDW_Dimension_GLandHR,spHR_StagingToEDW_DimLocation,from source ,No db found
StagingToEDW_StagingToEDW_Dimension_GLandHR,spHR_StagingToEDW_DimLocation,from Source.,Source
StagingToEDW_StagingToEDW_Dimension_GLandHR,spHR_StagingToEDW_DimLocation,update process for changed existing records,No db found
StagingToEDW_StagingToEDW_Dimension_GLandHR,spHR_StagingToEDW_DimLocation,"from 
		   ",No db found
StagingToEDW_StagingToEDW_Dimension_GLandHR,spHR_StagingToEDW_DimLocation,insert into the target table,No db found
StagingToEDW_StagingToEDW_Dimension_GLandHR,spHR_StagingToEDW_DimLocation,UPDATE SET,No db found
StagingToEDW_StagingToEDW_Dimension_GLandHR,spHR_StagingToEDW_DimLocation,from NULL ,No db found
StagingToEDW_StagingToEDW_Dimension_GLandHR,spHR_StagingToEDW_DimLocation,"FROM
             ",No db found
StagingToEDW_StagingToEDW_Dimension_GLandHR,spHR_StagingToEDW_DimLocation,FROM @tblMrgeActions_SCD2,No db found
StagingToEDW_StagingToEDW_Dimension_GLandHR,spHR_StagingToEDW_DimLocation,INSERT INTO BING_EDW.dbo.DimLocation,BING_EDW
StagingToEDW_StagingToEDW_Dimension_GLandHR,spHR_StagingToEDW_DimLocation,JOIN ,No db found
StagingToEDW_StagingToEDW_Dimension_GLandHR,spHR_StagingToEDW_DimLocation,from into Target.,Target
StagingToEDW_StagingToEDW_Dimension_GLandHR,spHR_StagingToEDW_DimLocation,DECLARE @ErrMsg NVARCHAR,No db found
StagingToEDW_StagingToEDW_Dimension_GLandHR,spHR_StagingToEDW_DimOrganization,FROM sys.objects,sys
StagingToEDW_StagingToEDW_Dimension_GLandHR,spHR_StagingToEDW_DimOrganization,from Staging to BING_EDW.,BING_EDW
StagingToEDW_StagingToEDW_Dimension_GLandHR,spHR_StagingToEDW_DimOrganization,from Source by calling,No db found
StagingToEDW_StagingToEDW_Dimension_GLandHR,spHR_StagingToEDW_DimOrganization,from step 3,No db found
StagingToEDW_StagingToEDW_Dimension_GLandHR,spHR_StagingToEDW_DimOrganization,from source,No db found
StagingToEDW_StagingToEDW_Dimension_GLandHR,spHR_StagingToEDW_DimOrganization,DECLARE @ProcName NVARCHAR,No db found
StagingToEDW_StagingToEDW_Dimension_GLandHR,spHR_StagingToEDW_DimOrganization,DECLARE @DebugMsg NVARCHAR,No db found
StagingToEDW_StagingToEDW_Dimension_GLandHR,spHR_StagingToEDW_DimOrganization,DECLARE @SourceName VARCHAR,No db found
StagingToEDW_StagingToEDW_Dimension_GLandHR,spHR_StagingToEDW_DimOrganization,DECLARE @AuditId BIGINT,No db found
StagingToEDW_StagingToEDW_Dimension_GLandHR,spHR_StagingToEDW_DimOrganization,DECLARE @RowCount INT,No db found
StagingToEDW_StagingToEDW_Dimension_GLandHR,spHR_StagingToEDW_DimOrganization,DECLARE @Error INT,No db found
StagingToEDW_StagingToEDW_Dimension_GLandHR,spHR_StagingToEDW_DimOrganization,DECLARE @SourceCount INT,No db found
StagingToEDW_StagingToEDW_Dimension_GLandHR,spHR_StagingToEDW_DimOrganization,DECLARE @InsertCount INT,No db found
StagingToEDW_StagingToEDW_Dimension_GLandHR,spHR_StagingToEDW_DimOrganization,DECLARE @UpdateCount INT,No db found
StagingToEDW_StagingToEDW_Dimension_GLandHR,spHR_StagingToEDW_DimOrganization,DECLARE @DeleteCount INT,No db found
StagingToEDW_StagingToEDW_Dimension_GLandHR,spHR_StagingToEDW_DimOrganization,DECLARE @tblMrgeActions_SCD2 TABLE,No db found
StagingToEDW_StagingToEDW_Dimension_GLandHR,spHR_StagingToEDW_DimOrganization,from Source,No db found
StagingToEDW_StagingToEDW_Dimension_GLandHR,spHR_StagingToEDW_DimOrganization,from source ,No db found
StagingToEDW_StagingToEDW_Dimension_GLandHR,spHR_StagingToEDW_DimOrganization,from Source.,Source
StagingToEDW_StagingToEDW_Dimension_GLandHR,spHR_StagingToEDW_DimOrganization,UPDATE tgt,No db found
StagingToEDW_StagingToEDW_Dimension_GLandHR,spHR_StagingToEDW_DimOrganization,FROM BING_EDW.dbo.DimOrganization AS tgt ,BING_EDW
StagingToEDW_StagingToEDW_Dimension_GLandHR,spHR_StagingToEDW_DimOrganization,JOIN ,No db found
StagingToEDW_StagingToEDW_Dimension_GLandHR,spHR_StagingToEDW_DimOrganization,update process for changed existing records,No db found
StagingToEDW_StagingToEDW_Dimension_GLandHR,spHR_StagingToEDW_DimOrganization,"from 
		   ",No db found
StagingToEDW_StagingToEDW_Dimension_GLandHR,spHR_StagingToEDW_DimOrganization,insert into the target table,No db found
StagingToEDW_StagingToEDW_Dimension_GLandHR,spHR_StagingToEDW_DimOrganization,"update
                                  AND S.OrgID ",S
StagingToEDW_StagingToEDW_Dimension_GLandHR,spHR_StagingToEDW_DimOrganization,UPDATE SET,No db found
StagingToEDW_StagingToEDW_Dimension_GLandHR,spHR_StagingToEDW_DimOrganization,from NULL ,No db found
StagingToEDW_StagingToEDW_Dimension_GLandHR,spHR_StagingToEDW_DimOrganization,"FROM
             ",No db found
StagingToEDW_StagingToEDW_Dimension_GLandHR,spHR_StagingToEDW_DimOrganization,FROM @tblMrgeActions_SCD2,No db found
StagingToEDW_StagingToEDW_Dimension_GLandHR,spHR_StagingToEDW_DimOrganization,INSERT INTO BING_EDW.dbo.DimOrganization,BING_EDW
StagingToEDW_StagingToEDW_Dimension_GLandHR,spHR_StagingToEDW_DimOrganization,from into Target.,Target
StagingToEDW_StagingToEDW_Dimension_GLandHR,spHR_StagingToEDW_DimOrganization,DECLARE @ErrMsg NVARCHAR,No db found
StagingToEDW_StagingToEDW_Dimension_GLandHR,spHR_StagingToEDW_DimPayBasis,FROM sys.objects,sys
StagingToEDW_StagingToEDW_Dimension_GLandHR,spHR_StagingToEDW_DimPayBasis,Update ETL process for,No db found
StagingToEDW_StagingToEDW_Dimension_GLandHR,spHR_StagingToEDW_DimPayBasis,from Staging to BING_EDW.,BING_EDW
StagingToEDW_StagingToEDW_Dimension_GLandHR,spHR_StagingToEDW_DimPayBasis,from Source by calling,No db found
StagingToEDW_StagingToEDW_Dimension_GLandHR,spHR_StagingToEDW_DimPayBasis,Update counts to caller,No db found
StagingToEDW_StagingToEDW_Dimension_GLandHR,spHR_StagingToEDW_DimPayBasis,from source,No db found
StagingToEDW_StagingToEDW_Dimension_GLandHR,spHR_StagingToEDW_DimPayBasis,DECLARE @ProcName NVARCHAR,No db found
StagingToEDW_StagingToEDW_Dimension_GLandHR,spHR_StagingToEDW_DimPayBasis,DECLARE @DebugMsg NVARCHAR,No db found
StagingToEDW_StagingToEDW_Dimension_GLandHR,spHR_StagingToEDW_DimPayBasis,DECLARE @SourceName VARCHAR,No db found
StagingToEDW_StagingToEDW_Dimension_GLandHR,spHR_StagingToEDW_DimPayBasis,DECLARE @AuditId BIGINT,No db found
StagingToEDW_StagingToEDW_Dimension_GLandHR,spHR_StagingToEDW_DimPayBasis,DECLARE @RowCount INT,No db found
StagingToEDW_StagingToEDW_Dimension_GLandHR,spHR_StagingToEDW_DimPayBasis,DECLARE @Error INT,No db found
StagingToEDW_StagingToEDW_Dimension_GLandHR,spHR_StagingToEDW_DimPayBasis,DECLARE @SourceCount INT,No db found
StagingToEDW_StagingToEDW_Dimension_GLandHR,spHR_StagingToEDW_DimPayBasis,DECLARE @InsertCount INT,No db found
StagingToEDW_StagingToEDW_Dimension_GLandHR,spHR_StagingToEDW_DimPayBasis,DECLARE @UpdateCount INT,No db found
StagingToEDW_StagingToEDW_Dimension_GLandHR,spHR_StagingToEDW_DimPayBasis,DECLARE @DeleteCount INT,No db found
StagingToEDW_StagingToEDW_Dimension_GLandHR,spHR_StagingToEDW_DimPayBasis,DECLARE @tblMergeActions TABLE,No db found
StagingToEDW_StagingToEDW_Dimension_GLandHR,spHR_StagingToEDW_DimPayBasis,FROM Source,No db found
StagingToEDW_StagingToEDW_Dimension_GLandHR,spHR_StagingToEDW_DimPayBasis,FROM source ,No db found
StagingToEDW_StagingToEDW_Dimension_GLandHR,spHR_StagingToEDW_DimPayBasis,FROM Source.,Source
StagingToEDW_StagingToEDW_Dimension_GLandHR,spHR_StagingToEDW_DimPayBasis,UPDATE SET,No db found
StagingToEDW_StagingToEDW_Dimension_GLandHR,spHR_StagingToEDW_DimPayBasis,"FROM
             ",No db found
StagingToEDW_StagingToEDW_Dimension_GLandHR,spHR_StagingToEDW_DimPayBasis,FROM @tblMergeActions,No db found
StagingToEDW_StagingToEDW_Dimension_GLandHR,spHR_StagingToEDW_DimPayBasis,FROM into Target.,Target
StagingToEDW_StagingToEDW_Dimension_GLandHR,spHR_StagingToEDW_DimPayBasis,DECLARE @ErrMsg NVARCHAR,No db found
StagingToEDW_StagingToEDW_Dimension_GLandHR,spHR_StagingToEDW_DimPayGrade,FROM sys.objects,sys
StagingToEDW_StagingToEDW_Dimension_GLandHR,spHR_StagingToEDW_DimPayGrade,Update ETL process for,No db found
StagingToEDW_StagingToEDW_Dimension_GLandHR,spHR_StagingToEDW_DimPayGrade,from Staging to BING_EDW.,BING_EDW
StagingToEDW_StagingToEDW_Dimension_GLandHR,spHR_StagingToEDW_DimPayGrade,from Source by calling,No db found
StagingToEDW_StagingToEDW_Dimension_GLandHR,spHR_StagingToEDW_DimPayGrade,Update counts to caller,No db found
StagingToEDW_StagingToEDW_Dimension_GLandHR,spHR_StagingToEDW_DimPayGrade,from source,No db found
StagingToEDW_StagingToEDW_Dimension_GLandHR,spHR_StagingToEDW_DimPayGrade,DECLARE @ProcName NVARCHAR,No db found
StagingToEDW_StagingToEDW_Dimension_GLandHR,spHR_StagingToEDW_DimPayGrade,DECLARE @DebugMsg NVARCHAR,No db found
StagingToEDW_StagingToEDW_Dimension_GLandHR,spHR_StagingToEDW_DimPayGrade,DECLARE @SourceName VARCHAR,No db found
StagingToEDW_StagingToEDW_Dimension_GLandHR,spHR_StagingToEDW_DimPayGrade,DECLARE @AuditId BIGINT,No db found
StagingToEDW_StagingToEDW_Dimension_GLandHR,spHR_StagingToEDW_DimPayGrade,DECLARE @RowCount INT,No db found
StagingToEDW_StagingToEDW_Dimension_GLandHR,spHR_StagingToEDW_DimPayGrade,DECLARE @Error INT,No db found
StagingToEDW_StagingToEDW_Dimension_GLandHR,spHR_StagingToEDW_DimPayGrade,DECLARE @SourceCount INT,No db found
StagingToEDW_StagingToEDW_Dimension_GLandHR,spHR_StagingToEDW_DimPayGrade,DECLARE @InsertCount INT,No db found
StagingToEDW_StagingToEDW_Dimension_GLandHR,spHR_StagingToEDW_DimPayGrade,DECLARE @UpdateCount INT,No db found
StagingToEDW_StagingToEDW_Dimension_GLandHR,spHR_StagingToEDW_DimPayGrade,DECLARE @DeleteCount INT,No db found
StagingToEDW_StagingToEDW_Dimension_GLandHR,spHR_StagingToEDW_DimPayGrade,DECLARE @tblMergeActions TABLE,No db found
StagingToEDW_StagingToEDW_Dimension_GLandHR,spHR_StagingToEDW_DimPayGrade,FROM Source,No db found
StagingToEDW_StagingToEDW_Dimension_GLandHR,spHR_StagingToEDW_DimPayGrade,FROM source ,No db found
StagingToEDW_StagingToEDW_Dimension_GLandHR,spHR_StagingToEDW_DimPayGrade,FROM Source.,Source
StagingToEDW_StagingToEDW_Dimension_GLandHR,spHR_StagingToEDW_DimPayGrade,UPDATE SET,No db found
StagingToEDW_StagingToEDW_Dimension_GLandHR,spHR_StagingToEDW_DimPayGrade,"FROM
             ",No db found
StagingToEDW_StagingToEDW_Dimension_GLandHR,spHR_StagingToEDW_DimPayGrade,FROM @tblMergeActions,No db found
StagingToEDW_StagingToEDW_Dimension_GLandHR,spHR_StagingToEDW_DimPayGrade,FROM into Target.,Target
StagingToEDW_StagingToEDW_Dimension_GLandHR,spHR_StagingToEDW_DimPayGrade,DECLARE @ErrMsg NVARCHAR,No db found
StagingToEDW_StagingToEDW_Dimension_GLandHR,spHR_StagingToEDW_DimPerformanceRating,FROM sys.objects,sys
StagingToEDW_StagingToEDW_Dimension_GLandHR,spHR_StagingToEDW_DimPerformanceRating,Update ETL process for,No db found
StagingToEDW_StagingToEDW_Dimension_GLandHR,spHR_StagingToEDW_DimPerformanceRating,from Staging to BING_EDW.,BING_EDW
StagingToEDW_StagingToEDW_Dimension_GLandHR,spHR_StagingToEDW_DimPerformanceRating,from Source by calling,No db found
StagingToEDW_StagingToEDW_Dimension_GLandHR,spHR_StagingToEDW_DimPerformanceRating,Update counts to caller,No db found
StagingToEDW_StagingToEDW_Dimension_GLandHR,spHR_StagingToEDW_DimPerformanceRating,from source,No db found
StagingToEDW_StagingToEDW_Dimension_GLandHR,spHR_StagingToEDW_DimPerformanceRating,DECLARE @ProcName NVARCHAR,No db found
StagingToEDW_StagingToEDW_Dimension_GLandHR,spHR_StagingToEDW_DimPerformanceRating,DECLARE @DebugMsg NVARCHAR,No db found
StagingToEDW_StagingToEDW_Dimension_GLandHR,spHR_StagingToEDW_DimPerformanceRating,DECLARE @SourceName VARCHAR,No db found
StagingToEDW_StagingToEDW_Dimension_GLandHR,spHR_StagingToEDW_DimPerformanceRating,DECLARE @AuditId BIGINT,No db found
StagingToEDW_StagingToEDW_Dimension_GLandHR,spHR_StagingToEDW_DimPerformanceRating,DECLARE @RowCount INT,No db found
StagingToEDW_StagingToEDW_Dimension_GLandHR,spHR_StagingToEDW_DimPerformanceRating,DECLARE @Error INT,No db found
StagingToEDW_StagingToEDW_Dimension_GLandHR,spHR_StagingToEDW_DimPerformanceRating,DECLARE @SourceCount INT,No db found
StagingToEDW_StagingToEDW_Dimension_GLandHR,spHR_StagingToEDW_DimPerformanceRating,DECLARE @InsertCount INT,No db found
StagingToEDW_StagingToEDW_Dimension_GLandHR,spHR_StagingToEDW_DimPerformanceRating,DECLARE @UpdateCount INT,No db found
StagingToEDW_StagingToEDW_Dimension_GLandHR,spHR_StagingToEDW_DimPerformanceRating,DECLARE @DeleteCount INT,No db found
StagingToEDW_StagingToEDW_Dimension_GLandHR,spHR_StagingToEDW_DimPerformanceRating,DECLARE @SeedRowCount INT,No db found
StagingToEDW_StagingToEDW_Dimension_GLandHR,spHR_StagingToEDW_DimPerformanceRating,DECLARE @tblMergeActions TABLE,No db found
StagingToEDW_StagingToEDW_Dimension_GLandHR,spHR_StagingToEDW_DimPerformanceRating,FROM Source,No db found
StagingToEDW_StagingToEDW_Dimension_GLandHR,spHR_StagingToEDW_DimPerformanceRating,FROM source ,No db found
StagingToEDW_StagingToEDW_Dimension_GLandHR,spHR_StagingToEDW_DimPerformanceRating,FROM Source.,Source
StagingToEDW_StagingToEDW_Dimension_GLandHR,spHR_StagingToEDW_DimPerformanceRating,FROM [BING_EDW].[dbo].[DimPerformanceRating],[BING_EDW]
StagingToEDW_StagingToEDW_Dimension_GLandHR,spHR_StagingToEDW_DimPerformanceRating,INSERT INTO [BING_EDW].[dbo].[DimPerformanceRating] ,[BING_EDW]
StagingToEDW_StagingToEDW_Dimension_GLandHR,spHR_StagingToEDW_DimPerformanceRating,UPDATE SET,No db found
StagingToEDW_StagingToEDW_Dimension_GLandHR,spHR_StagingToEDW_DimPerformanceRating,"FROM
             ",No db found
StagingToEDW_StagingToEDW_Dimension_GLandHR,spHR_StagingToEDW_DimPerformanceRating,FROM @tblMergeActions,No db found
StagingToEDW_StagingToEDW_Dimension_GLandHR,spHR_StagingToEDW_DimPerformanceRating,FROM into Target.,Target
StagingToEDW_StagingToEDW_Dimension_GLandHR,spHR_StagingToEDW_DimPerformanceRating,DECLARE @ErrMsg NVARCHAR,No db found
StagingToEDW_StagingToEDW_Dimension_GLandHR,spHR_StagingToEDW_DimPerson,from Staging to BING_EDW.,BING_EDW
StagingToEDW_StagingToEDW_Dimension_GLandHR,spHR_StagingToEDW_DimPerson,from source,No db found
StagingToEDW_StagingToEDW_Dimension_GLandHR,spHR_StagingToEDW_DimPerson,DECLARE @ProcName NVARCHAR,No db found
StagingToEDW_StagingToEDW_Dimension_GLandHR,spHR_StagingToEDW_DimPerson,DECLARE @DebugMsg NVARCHAR,No db found
StagingToEDW_StagingToEDW_Dimension_GLandHR,spHR_StagingToEDW_DimPerson,DECLARE @SourceName VARCHAR,No db found
StagingToEDW_StagingToEDW_Dimension_GLandHR,spHR_StagingToEDW_DimPerson,DECLARE @AuditId BIGINT,No db found
StagingToEDW_StagingToEDW_Dimension_GLandHR,spHR_StagingToEDW_DimPerson,DECLARE @RowCount INT,No db found
StagingToEDW_StagingToEDW_Dimension_GLandHR,spHR_StagingToEDW_DimPerson,DECLARE @Error INT,No db found
StagingToEDW_StagingToEDW_Dimension_GLandHR,spHR_StagingToEDW_DimPerson,DECLARE @SourceCount INT,No db found
StagingToEDW_StagingToEDW_Dimension_GLandHR,spHR_StagingToEDW_DimPerson,DECLARE @InsertCount INT,No db found
StagingToEDW_StagingToEDW_Dimension_GLandHR,spHR_StagingToEDW_DimPerson,DECLARE @UpdateCount INT,No db found
StagingToEDW_StagingToEDW_Dimension_GLandHR,spHR_StagingToEDW_DimPerson,DECLARE @DeleteCount INT,No db found
StagingToEDW_StagingToEDW_Dimension_GLandHR,spHR_StagingToEDW_DimPerson,from Source,No db found
StagingToEDW_StagingToEDW_Dimension_GLandHR,spHR_StagingToEDW_DimPerson,from theb usual pattern of using,No db found
StagingToEDW_StagingToEDW_Dimension_GLandHR,spHR_StagingToEDW_DimPerson,FROM dbo.vPeople,dbo
StagingToEDW_StagingToEDW_Dimension_GLandHR,spHR_StagingToEDW_DimPerson,FROM [BING_EDW].[dbo].[DimPerson],[BING_EDW]
StagingToEDW_StagingToEDW_Dimension_GLandHR,spHR_StagingToEDW_DimPerson,from Target.,Target
StagingToEDW_StagingToEDW_Dimension_GLandHR,spHR_StagingToEDW_DimPerson,INSERT INTO [BING_EDW].[dbo].[DimPerson],[BING_EDW]
StagingToEDW_StagingToEDW_Dimension_GLandHR,spHR_StagingToEDW_DimPerson,from source ,No db found
StagingToEDW_StagingToEDW_Dimension_GLandHR,spHR_StagingToEDW_DimPerson,from Source.,Source
StagingToEDW_StagingToEDW_Dimension_GLandHR,spHR_StagingToEDW_DimPerson,DECLARE @ErrMsg NVARCHAR,No db found
StagingToEDW_StagingToEDW_Dimension_GLandHR,spHR_StagingToEDW_DimPosition,from Staging to BING_EDW.,BING_EDW
StagingToEDW_StagingToEDW_Dimension_GLandHR,spHR_StagingToEDW_DimPosition,from source,No db found
StagingToEDW_StagingToEDW_Dimension_GLandHR,spHR_StagingToEDW_DimPosition,DECLARE @ProcName NVARCHAR,No db found
StagingToEDW_StagingToEDW_Dimension_GLandHR,spHR_StagingToEDW_DimPosition,DECLARE @DebugMsg NVARCHAR,No db found
StagingToEDW_StagingToEDW_Dimension_GLandHR,spHR_StagingToEDW_DimPosition,DECLARE @SourceName VARCHAR,No db found
StagingToEDW_StagingToEDW_Dimension_GLandHR,spHR_StagingToEDW_DimPosition,DECLARE @AuditId BIGINT,No db found
StagingToEDW_StagingToEDW_Dimension_GLandHR,spHR_StagingToEDW_DimPosition,DECLARE @RowCount INT,No db found
StagingToEDW_StagingToEDW_Dimension_GLandHR,spHR_StagingToEDW_DimPosition,DECLARE @Error INT,No db found
StagingToEDW_StagingToEDW_Dimension_GLandHR,spHR_StagingToEDW_DimPosition,DECLARE @SourceCount INT,No db found
StagingToEDW_StagingToEDW_Dimension_GLandHR,spHR_StagingToEDW_DimPosition,DECLARE @InsertCount INT,No db found
StagingToEDW_StagingToEDW_Dimension_GLandHR,spHR_StagingToEDW_DimPosition,DECLARE @UpdateCount INT,No db found
StagingToEDW_StagingToEDW_Dimension_GLandHR,spHR_StagingToEDW_DimPosition,DECLARE @DeleteCount INT,No db found
StagingToEDW_StagingToEDW_Dimension_GLandHR,spHR_StagingToEDW_DimPosition,from Source,No db found
StagingToEDW_StagingToEDW_Dimension_GLandHR,spHR_StagingToEDW_DimPosition,from theb usual pattern of using,No db found
StagingToEDW_StagingToEDW_Dimension_GLandHR,spHR_StagingToEDW_DimPosition,FROM dbo.vPositions,dbo
StagingToEDW_StagingToEDW_Dimension_GLandHR,spHR_StagingToEDW_DimPosition,FROM [BING_EDW].[dbo].[DimPosition],[BING_EDW]
StagingToEDW_StagingToEDW_Dimension_GLandHR,spHR_StagingToEDW_DimPosition,from Target.,Target
StagingToEDW_StagingToEDW_Dimension_GLandHR,spHR_StagingToEDW_DimPosition,INSERT INTO [BING_EDW].[dbo].[DimPosition],[BING_EDW]
StagingToEDW_StagingToEDW_Dimension_GLandHR,spHR_StagingToEDW_DimPosition,from source ,No db found
StagingToEDW_StagingToEDW_Dimension_GLandHR,spHR_StagingToEDW_DimPosition,from Source.,Source
StagingToEDW_StagingToEDW_Dimension_GLandHR,spHR_StagingToEDW_DimPosition,DECLARE @ErrMsg NVARCHAR,No db found
StagingToEDW_StagingToEDW_Dimension_GLandHR,spHR_StagingToEDW_DimQualificationType,FROM sys.objects,sys
StagingToEDW_StagingToEDW_Dimension_GLandHR,spHR_StagingToEDW_DimQualificationType,Update ETL process for,No db found
StagingToEDW_StagingToEDW_Dimension_GLandHR,spHR_StagingToEDW_DimQualificationType,from Staging to BING_EDW.,BING_EDW
StagingToEDW_StagingToEDW_Dimension_GLandHR,spHR_StagingToEDW_DimQualificationType,from Source by calling,No db found
StagingToEDW_StagingToEDW_Dimension_GLandHR,spHR_StagingToEDW_DimQualificationType,Update counts to caller,No db found
StagingToEDW_StagingToEDW_Dimension_GLandHR,spHR_StagingToEDW_DimQualificationType,from source,No db found
StagingToEDW_StagingToEDW_Dimension_GLandHR,spHR_StagingToEDW_DimQualificationType,DECLARE @ProcName NVARCHAR,No db found
StagingToEDW_StagingToEDW_Dimension_GLandHR,spHR_StagingToEDW_DimQualificationType,DECLARE @DebugMsg NVARCHAR,No db found
StagingToEDW_StagingToEDW_Dimension_GLandHR,spHR_StagingToEDW_DimQualificationType,DECLARE @SourceName VARCHAR,No db found
StagingToEDW_StagingToEDW_Dimension_GLandHR,spHR_StagingToEDW_DimQualificationType,DECLARE @AuditId BIGINT,No db found
StagingToEDW_StagingToEDW_Dimension_GLandHR,spHR_StagingToEDW_DimQualificationType,DECLARE @RowCount INT,No db found
StagingToEDW_StagingToEDW_Dimension_GLandHR,spHR_StagingToEDW_DimQualificationType,DECLARE @Error INT,No db found
StagingToEDW_StagingToEDW_Dimension_GLandHR,spHR_StagingToEDW_DimQualificationType,DECLARE @SourceCount INT,No db found
StagingToEDW_StagingToEDW_Dimension_GLandHR,spHR_StagingToEDW_DimQualificationType,DECLARE @InsertCount INT,No db found
StagingToEDW_StagingToEDW_Dimension_GLandHR,spHR_StagingToEDW_DimQualificationType,DECLARE @UpdateCount INT,No db found
StagingToEDW_StagingToEDW_Dimension_GLandHR,spHR_StagingToEDW_DimQualificationType,DECLARE @DeleteCount INT,No db found
StagingToEDW_StagingToEDW_Dimension_GLandHR,spHR_StagingToEDW_DimQualificationType,DECLARE @SeedRowCount INT,No db found
StagingToEDW_StagingToEDW_Dimension_GLandHR,spHR_StagingToEDW_DimQualificationType,DECLARE @tblMergeActions TABLE,No db found
StagingToEDW_StagingToEDW_Dimension_GLandHR,spHR_StagingToEDW_DimQualificationType,FROM Source,No db found
StagingToEDW_StagingToEDW_Dimension_GLandHR,spHR_StagingToEDW_DimQualificationType,FROM source ,No db found
StagingToEDW_StagingToEDW_Dimension_GLandHR,spHR_StagingToEDW_DimQualificationType,FROM Source.,Source
StagingToEDW_StagingToEDW_Dimension_GLandHR,spHR_StagingToEDW_DimQualificationType,FROM [BING_EDW].[dbo].[DimQualificationType],[BING_EDW]
StagingToEDW_StagingToEDW_Dimension_GLandHR,spHR_StagingToEDW_DimQualificationType,INSERT Into BING_EDW.[dbo].[DimQualificationType] ,BING_EDW
StagingToEDW_StagingToEDW_Dimension_GLandHR,spHR_StagingToEDW_DimQualificationType,UPDATE SET,No db found
StagingToEDW_StagingToEDW_Dimension_GLandHR,spHR_StagingToEDW_DimQualificationType,"FROM
             ",No db found
StagingToEDW_StagingToEDW_Dimension_GLandHR,spHR_StagingToEDW_DimQualificationType,FROM @tblMergeActions,No db found
StagingToEDW_StagingToEDW_Dimension_GLandHR,spHR_StagingToEDW_DimQualificationType,FROM into Target.,Target
StagingToEDW_StagingToEDW_Dimension_GLandHR,spHR_StagingToEDW_DimQualificationType,DECLARE @ErrMsg NVARCHAR,No db found
StagingToEDW_StagingToEDW_Dimension_GLandHR,spHR_StagingToEDW_DimSpecialInfo,FROM sys.objects,sys
StagingToEDW_StagingToEDW_Dimension_GLandHR,spHR_StagingToEDW_DimSpecialInfo,Update ETL process for,No db found
StagingToEDW_StagingToEDW_Dimension_GLandHR,spHR_StagingToEDW_DimSpecialInfo,from Staging to BING_EDW.,BING_EDW
StagingToEDW_StagingToEDW_Dimension_GLandHR,spHR_StagingToEDW_DimSpecialInfo,from Source by calling,No db found
StagingToEDW_StagingToEDW_Dimension_GLandHR,spHR_StagingToEDW_DimSpecialInfo,Update counts to caller,No db found
StagingToEDW_StagingToEDW_Dimension_GLandHR,spHR_StagingToEDW_DimSpecialInfo,from source,No db found
StagingToEDW_StagingToEDW_Dimension_GLandHR,spHR_StagingToEDW_DimSpecialInfo,DECLARE @ProcName NVARCHAR,No db found
StagingToEDW_StagingToEDW_Dimension_GLandHR,spHR_StagingToEDW_DimSpecialInfo,DECLARE @DebugMsg NVARCHAR,No db found
StagingToEDW_StagingToEDW_Dimension_GLandHR,spHR_StagingToEDW_DimSpecialInfo,DECLARE @SourceName VARCHAR,No db found
StagingToEDW_StagingToEDW_Dimension_GLandHR,spHR_StagingToEDW_DimSpecialInfo,DECLARE @AuditId BIGINT,No db found
StagingToEDW_StagingToEDW_Dimension_GLandHR,spHR_StagingToEDW_DimSpecialInfo,DECLARE @RowCount INT,No db found
StagingToEDW_StagingToEDW_Dimension_GLandHR,spHR_StagingToEDW_DimSpecialInfo,DECLARE @Error INT,No db found
StagingToEDW_StagingToEDW_Dimension_GLandHR,spHR_StagingToEDW_DimSpecialInfo,DECLARE @SourceCount INT,No db found
StagingToEDW_StagingToEDW_Dimension_GLandHR,spHR_StagingToEDW_DimSpecialInfo,DECLARE @InsertCount INT,No db found
StagingToEDW_StagingToEDW_Dimension_GLandHR,spHR_StagingToEDW_DimSpecialInfo,DECLARE @UpdateCount INT,No db found
StagingToEDW_StagingToEDW_Dimension_GLandHR,spHR_StagingToEDW_DimSpecialInfo,DECLARE @DeleteCount INT,No db found
StagingToEDW_StagingToEDW_Dimension_GLandHR,spHR_StagingToEDW_DimSpecialInfo,DECLARE @tblMergeActions TABLE,No db found
StagingToEDW_StagingToEDW_Dimension_GLandHR,spHR_StagingToEDW_DimSpecialInfo,FROM Source,No db found
StagingToEDW_StagingToEDW_Dimension_GLandHR,spHR_StagingToEDW_DimSpecialInfo,FROM source ,No db found
StagingToEDW_StagingToEDW_Dimension_GLandHR,spHR_StagingToEDW_DimSpecialInfo,FROM Source.,Source
StagingToEDW_StagingToEDW_Dimension_GLandHR,spHR_StagingToEDW_DimSpecialInfo,UPDATE SET,No db found
StagingToEDW_StagingToEDW_Dimension_GLandHR,spHR_StagingToEDW_DimSpecialInfo,"FROM
             ",No db found
StagingToEDW_StagingToEDW_Dimension_GLandHR,spHR_StagingToEDW_DimSpecialInfo,FROM @tblMergeActions,No db found
StagingToEDW_StagingToEDW_Dimension_GLandHR,spHR_StagingToEDW_DimSpecialInfo,FROM into Target.,Target
StagingToEDW_StagingToEDW_Dimension_GLandHR,spHR_StagingToEDW_DimSpecialInfo,DECLARE @ErrMsg NVARCHAR,No db found
StagingToEDW_StagingToEDW_Dimension_GLandHR,spHR_StagingToEDW_DimPayRateChangeReason,FROM sys.objects,sys
StagingToEDW_StagingToEDW_Dimension_GLandHR,spHR_StagingToEDW_DimPayRateChangeReason,Update ETL process for,No db found
StagingToEDW_StagingToEDW_Dimension_GLandHR,spHR_StagingToEDW_DimPayRateChangeReason,from Staging to BING_EDW.,BING_EDW
StagingToEDW_StagingToEDW_Dimension_GLandHR,spHR_StagingToEDW_DimPayRateChangeReason,from Source by calling,No db found
StagingToEDW_StagingToEDW_Dimension_GLandHR,spHR_StagingToEDW_DimPayRateChangeReason,Update counts to caller,No db found
StagingToEDW_StagingToEDW_Dimension_GLandHR,spHR_StagingToEDW_DimPayRateChangeReason,from source,No db found
StagingToEDW_StagingToEDW_Dimension_GLandHR,spHR_StagingToEDW_DimPayRateChangeReason,DECLARE @ProcName NVARCHAR,No db found
StagingToEDW_StagingToEDW_Dimension_GLandHR,spHR_StagingToEDW_DimPayRateChangeReason,DECLARE @DebugMsg NVARCHAR,No db found
StagingToEDW_StagingToEDW_Dimension_GLandHR,spHR_StagingToEDW_DimPayRateChangeReason,DECLARE @SourceName VARCHAR,No db found
StagingToEDW_StagingToEDW_Dimension_GLandHR,spHR_StagingToEDW_DimPayRateChangeReason,DECLARE @AuditId BIGINT,No db found
StagingToEDW_StagingToEDW_Dimension_GLandHR,spHR_StagingToEDW_DimPayRateChangeReason,DECLARE @RowCount INT,No db found
StagingToEDW_StagingToEDW_Dimension_GLandHR,spHR_StagingToEDW_DimPayRateChangeReason,DECLARE @Error INT,No db found
StagingToEDW_StagingToEDW_Dimension_GLandHR,spHR_StagingToEDW_DimPayRateChangeReason,DECLARE @SourceCount INT,No db found
StagingToEDW_StagingToEDW_Dimension_GLandHR,spHR_StagingToEDW_DimPayRateChangeReason,DECLARE @InsertCount INT,No db found
StagingToEDW_StagingToEDW_Dimension_GLandHR,spHR_StagingToEDW_DimPayRateChangeReason,DECLARE @UpdateCount INT,No db found
StagingToEDW_StagingToEDW_Dimension_GLandHR,spHR_StagingToEDW_DimPayRateChangeReason,DECLARE @DeleteCount INT,No db found
StagingToEDW_StagingToEDW_Dimension_GLandHR,spHR_StagingToEDW_DimPayRateChangeReason,DECLARE @tblMergeActions TABLE,No db found
StagingToEDW_StagingToEDW_Dimension_GLandHR,spHR_StagingToEDW_DimPayRateChangeReason,FROM Source,No db found
StagingToEDW_StagingToEDW_Dimension_GLandHR,spHR_StagingToEDW_DimPayRateChangeReason,FROM source ,No db found
StagingToEDW_StagingToEDW_Dimension_GLandHR,spHR_StagingToEDW_DimPayRateChangeReason,FROM Source.,Source
StagingToEDW_StagingToEDW_Dimension_GLandHR,spHR_StagingToEDW_DimPayRateChangeReason,FROM [BING_EDW].[dbo].[DimPayRateChangeReason],[BING_EDW]
StagingToEDW_StagingToEDW_Dimension_GLandHR,spHR_StagingToEDW_DimPayRateChangeReason,INSERT INTO [BING_EDW].[dbo].[DimPayRateChangeReason] ,[BING_EDW]
StagingToEDW_StagingToEDW_Dimension_GLandHR,spHR_StagingToEDW_DimPayRateChangeReason,UPDATE SET,No db found
StagingToEDW_StagingToEDW_Dimension_GLandHR,spHR_StagingToEDW_DimPayRateChangeReason,"FROM
             ",No db found
StagingToEDW_StagingToEDW_Dimension_GLandHR,spHR_StagingToEDW_DimPayRateChangeReason,FROM @tblMergeActions,No db found
StagingToEDW_StagingToEDW_Dimension_GLandHR,spHR_StagingToEDW_DimPayRateChangeReason,FROM into Target.,Target
StagingToEDW_StagingToEDW_Dimension_GLandHR,spHR_StagingToEDW_DimPayRateChangeReason,DECLARE @ErrMsg NVARCHAR,No db found
StagingToEDW_StagingToEDW_Dimension_GLandHR,spMISC_StagingToEDW_DimReportProfile,from Staging to BING_EDW.,BING_EDW
StagingToEDW_StagingToEDW_Dimension_GLandHR,spMISC_StagingToEDW_DimReportProfile,from source,No db found
StagingToEDW_StagingToEDW_Dimension_GLandHR,spMISC_StagingToEDW_DimReportProfile,DECLARE @ProcName NVARCHAR,No db found
StagingToEDW_StagingToEDW_Dimension_GLandHR,spMISC_StagingToEDW_DimReportProfile,DECLARE @DebugMsg NVARCHAR,No db found
StagingToEDW_StagingToEDW_Dimension_GLandHR,spMISC_StagingToEDW_DimReportProfile,DECLARE @SourceName VARCHAR,No db found
StagingToEDW_StagingToEDW_Dimension_GLandHR,spMISC_StagingToEDW_DimReportProfile,DECLARE @AuditId BIGINT,No db found
StagingToEDW_StagingToEDW_Dimension_GLandHR,spMISC_StagingToEDW_DimReportProfile,DECLARE @RowCount INT,No db found
StagingToEDW_StagingToEDW_Dimension_GLandHR,spMISC_StagingToEDW_DimReportProfile,DECLARE @Error INT,No db found
StagingToEDW_StagingToEDW_Dimension_GLandHR,spMISC_StagingToEDW_DimReportProfile,DECLARE @SourceCount INT,No db found
StagingToEDW_StagingToEDW_Dimension_GLandHR,spMISC_StagingToEDW_DimReportProfile,DECLARE @InsertCount INT,No db found
StagingToEDW_StagingToEDW_Dimension_GLandHR,spMISC_StagingToEDW_DimReportProfile,DECLARE @UpdateCount INT,No db found
StagingToEDW_StagingToEDW_Dimension_GLandHR,spMISC_StagingToEDW_DimReportProfile,DECLARE @DeleteCount INT,No db found
StagingToEDW_StagingToEDW_Dimension_GLandHR,spMISC_StagingToEDW_DimReportProfile,from Source,No db found
StagingToEDW_StagingToEDW_Dimension_GLandHR,spMISC_StagingToEDW_DimReportProfile,from theb usual pattern of using,No db found
StagingToEDW_StagingToEDW_Dimension_GLandHR,spMISC_StagingToEDW_DimReportProfile,FROM [dbo].[ReportProfile],[dbo]
StagingToEDW_StagingToEDW_Dimension_GLandHR,spMISC_StagingToEDW_DimReportProfile,FROM [BING_EDW].[dbo].[DimReportProfile],[BING_EDW]
StagingToEDW_StagingToEDW_Dimension_GLandHR,spMISC_StagingToEDW_DimReportProfile,from Target.,Target
StagingToEDW_StagingToEDW_Dimension_GLandHR,spMISC_StagingToEDW_DimReportProfile,INSERT INTO [BING_EDW].[dbo].[DimReportProfile],[BING_EDW]
StagingToEDW_StagingToEDW_Dimension_GLandHR,spMISC_StagingToEDW_DimReportProfile,Declare @defaultvarbinary varbinary,No db found
StagingToEDW_StagingToEDW_Dimension_GLandHR,spMISC_StagingToEDW_DimReportProfile,FROM dbo.ReportProfile,dbo
StagingToEDW_StagingToEDW_Dimension_GLandHR,spMISC_StagingToEDW_DimReportProfile,from source ,No db found
StagingToEDW_StagingToEDW_Dimension_GLandHR,spMISC_StagingToEDW_DimReportProfile,from Source.,Source
StagingToEDW_StagingToEDW_Dimension_GLandHR,spMISC_StagingToEDW_DimReportProfile,DECLARE @ErrMsg NVARCHAR,No db found
StagingToEDW_StagingToEDW_Dimension_StudentLeads,spSalesforce_StagingToEDW_DimLead,FROM sys.objects,sys
StagingToEDW_StagingToEDW_Dimension_StudentLeads,spSalesforce_StagingToEDW_DimLead,from Staging to BING_EDW.,BING_EDW
StagingToEDW_StagingToEDW_Dimension_StudentLeads,spSalesforce_StagingToEDW_DimLead,from Source by calling,No db found
StagingToEDW_StagingToEDW_Dimension_StudentLeads,spSalesforce_StagingToEDW_DimLead,from source,No db found
StagingToEDW_StagingToEDW_Dimension_StudentLeads,spSalesforce_StagingToEDW_DimLead,from Family Builder.,Builder
StagingToEDW_StagingToEDW_Dimension_StudentLeads,spSalesforce_StagingToEDW_DimLead,from family builder.,builder
StagingToEDW_StagingToEDW_Dimension_StudentLeads,spSalesforce_StagingToEDW_DimLead,joined with DimSponsor to pull the SponsorKey. This is fixed.,SponsorKey
StagingToEDW_StagingToEDW_Dimension_StudentLeads,spSalesforce_StagingToEDW_DimLead,DECLARE @ProcName NVARCHAR,No db found
StagingToEDW_StagingToEDW_Dimension_StudentLeads,spSalesforce_StagingToEDW_DimLead,DECLARE @DebugMsg NVARCHAR,No db found
StagingToEDW_StagingToEDW_Dimension_StudentLeads,spSalesforce_StagingToEDW_DimLead,DECLARE @SourceName VARCHAR,No db found
StagingToEDW_StagingToEDW_Dimension_StudentLeads,spSalesforce_StagingToEDW_DimLead,DECLARE @AuditId BIGINT,No db found
StagingToEDW_StagingToEDW_Dimension_StudentLeads,spSalesforce_StagingToEDW_DimLead,DECLARE @RowCount INT,No db found
StagingToEDW_StagingToEDW_Dimension_StudentLeads,spSalesforce_StagingToEDW_DimLead,DECLARE @Error INT,No db found
StagingToEDW_StagingToEDW_Dimension_StudentLeads,spSalesforce_StagingToEDW_DimLead,DECLARE @SourceCount INT,No db found
StagingToEDW_StagingToEDW_Dimension_StudentLeads,spSalesforce_StagingToEDW_DimLead,DECLARE @InsertCount INT,No db found
StagingToEDW_StagingToEDW_Dimension_StudentLeads,spSalesforce_StagingToEDW_DimLead,DECLARE @UpdateCount INT,No db found
StagingToEDW_StagingToEDW_Dimension_StudentLeads,spSalesforce_StagingToEDW_DimLead,DECLARE @DeleteCount INT,No db found
StagingToEDW_StagingToEDW_Dimension_StudentLeads,spSalesforce_StagingToEDW_DimLead,DECLARE @tblMergeActions TABLE,No db found
StagingToEDW_StagingToEDW_Dimension_StudentLeads,spSalesforce_StagingToEDW_DimLead,DECLARE @tblDeleteActions TABLE,No db found
StagingToEDW_StagingToEDW_Dimension_StudentLeads,spSalesforce_StagingToEDW_DimLead,FROM Source,No db found
StagingToEDW_StagingToEDW_Dimension_StudentLeads,spSalesforce_StagingToEDW_DimLead,FROM source ,No db found
StagingToEDW_StagingToEDW_Dimension_StudentLeads,spSalesforce_StagingToEDW_DimLead,FROM Source.,Source
StagingToEDW_StagingToEDW_Dimension_StudentLeads,spSalesforce_StagingToEDW_DimLead,join on Lead ID,No db found
StagingToEDW_StagingToEDW_Dimension_StudentLeads,spSalesforce_StagingToEDW_DimLead,UPDATE SET,No db found
StagingToEDW_StagingToEDW_Dimension_StudentLeads,spSalesforce_StagingToEDW_DimLead,"FROM
             ",No db found
StagingToEDW_StagingToEDW_Dimension_StudentLeads,spSalesforce_StagingToEDW_DimLead,FROM @tblMergeActions,No db found
StagingToEDW_StagingToEDW_Dimension_StudentLeads,spSalesforce_StagingToEDW_DimLead,FROM BING_EDW.dbo.DimLead T,BING_EDW
StagingToEDW_StagingToEDW_Dimension_StudentLeads,spSalesforce_StagingToEDW_DimLead,JOIN vLeads S ON S.LeadID ,S
StagingToEDW_StagingToEDW_Dimension_StudentLeads,spSalesforce_StagingToEDW_DimLead,DECLARE @ErrMsg NVARCHAR,No db found
StagingToEDW_StagingToEDW_Dimension_StudentLeads,spSalesForce_StagingToEDW_DimLeadType,from Staging to BING_EDW.,BING_EDW
StagingToEDW_StagingToEDW_Dimension_StudentLeads,spSalesForce_StagingToEDW_DimLeadType,from source,No db found
StagingToEDW_StagingToEDW_Dimension_StudentLeads,spSalesForce_StagingToEDW_DimLeadType,DECLARE @ProcName NVARCHAR,No db found
StagingToEDW_StagingToEDW_Dimension_StudentLeads,spSalesForce_StagingToEDW_DimLeadType,DECLARE @DebugMsg NVARCHAR,No db found
StagingToEDW_StagingToEDW_Dimension_StudentLeads,spSalesForce_StagingToEDW_DimLeadType,DECLARE @SourceName VARCHAR,No db found
StagingToEDW_StagingToEDW_Dimension_StudentLeads,spSalesForce_StagingToEDW_DimLeadType,DECLARE @AuditId BIGINT,No db found
StagingToEDW_StagingToEDW_Dimension_StudentLeads,spSalesForce_StagingToEDW_DimLeadType,DECLARE @RowCount INT,No db found
StagingToEDW_StagingToEDW_Dimension_StudentLeads,spSalesForce_StagingToEDW_DimLeadType,DECLARE @Error INT,No db found
StagingToEDW_StagingToEDW_Dimension_StudentLeads,spSalesForce_StagingToEDW_DimLeadType,DECLARE @SourceCount INT,No db found
StagingToEDW_StagingToEDW_Dimension_StudentLeads,spSalesForce_StagingToEDW_DimLeadType,DECLARE @InsertCount INT,No db found
StagingToEDW_StagingToEDW_Dimension_StudentLeads,spSalesForce_StagingToEDW_DimLeadType,DECLARE @UpdateCount INT,No db found
StagingToEDW_StagingToEDW_Dimension_StudentLeads,spSalesForce_StagingToEDW_DimLeadType,DECLARE @DeleteCount INT,No db found
StagingToEDW_StagingToEDW_Dimension_StudentLeads,spSalesForce_StagingToEDW_DimLeadType,from Source,No db found
StagingToEDW_StagingToEDW_Dimension_StudentLeads,spSalesForce_StagingToEDW_DimLeadType,from theb usual pattern of using,No db found
StagingToEDW_StagingToEDW_Dimension_StudentLeads,spSalesForce_StagingToEDW_DimLeadType,FROM dbo.vLeads,dbo
StagingToEDW_StagingToEDW_Dimension_StudentLeads,spSalesForce_StagingToEDW_DimLeadType,FROM [BING_EDW].[dbo].[DimLeadType],[BING_EDW]
StagingToEDW_StagingToEDW_Dimension_StudentLeads,spSalesForce_StagingToEDW_DimLeadType,from Target.,Target
StagingToEDW_StagingToEDW_Dimension_StudentLeads,spSalesForce_StagingToEDW_DimLeadType,INSERT INTO [BING_EDW].[dbo].[DimLeadType],[BING_EDW]
StagingToEDW_StagingToEDW_Dimension_StudentLeads,spSalesForce_StagingToEDW_DimLeadType,from source ,No db found
StagingToEDW_StagingToEDW_Dimension_StudentLeads,spSalesForce_StagingToEDW_DimLeadType,from Source.,Source
StagingToEDW_StagingToEDW_Dimension_StudentLeads,spSalesForce_StagingToEDW_DimLeadType,DECLARE @ErrMsg NVARCHAR,No db found
StagingToEDW_StagingToEDW_Dimension_StudentLeads,spSalesForce_StagingToEDW_DimWebCampaign,from Staging to BING_EDW.,BING_EDW
StagingToEDW_StagingToEDW_Dimension_StudentLeads,spSalesForce_StagingToEDW_DimWebCampaign,from Source by calling,No db found
StagingToEDW_StagingToEDW_Dimension_StudentLeads,spSalesForce_StagingToEDW_DimWebCampaign,from source,No db found
StagingToEDW_StagingToEDW_Dimension_StudentLeads,spSalesForce_StagingToEDW_DimWebCampaign,DECLARE @ProcName NVARCHAR,No db found
StagingToEDW_StagingToEDW_Dimension_StudentLeads,spSalesForce_StagingToEDW_DimWebCampaign,DECLARE @DebugMsg NVARCHAR,No db found
StagingToEDW_StagingToEDW_Dimension_StudentLeads,spSalesForce_StagingToEDW_DimWebCampaign,DECLARE @SourceName VARCHAR,No db found
StagingToEDW_StagingToEDW_Dimension_StudentLeads,spSalesForce_StagingToEDW_DimWebCampaign,DECLARE @AuditId BIGINT,No db found
StagingToEDW_StagingToEDW_Dimension_StudentLeads,spSalesForce_StagingToEDW_DimWebCampaign,DECLARE @RowCount INT,No db found
StagingToEDW_StagingToEDW_Dimension_StudentLeads,spSalesForce_StagingToEDW_DimWebCampaign,DECLARE @Error INT,No db found
StagingToEDW_StagingToEDW_Dimension_StudentLeads,spSalesForce_StagingToEDW_DimWebCampaign,DECLARE @SourceCount INT,No db found
StagingToEDW_StagingToEDW_Dimension_StudentLeads,spSalesForce_StagingToEDW_DimWebCampaign,DECLARE @InsertCount INT,No db found
StagingToEDW_StagingToEDW_Dimension_StudentLeads,spSalesForce_StagingToEDW_DimWebCampaign,DECLARE @UpdateCount INT,No db found
StagingToEDW_StagingToEDW_Dimension_StudentLeads,spSalesForce_StagingToEDW_DimWebCampaign,DECLARE @DeleteCount INT,No db found
StagingToEDW_StagingToEDW_Dimension_StudentLeads,spSalesForce_StagingToEDW_DimWebCampaign,DECLARE @tblMergeActions TABLE,No db found
StagingToEDW_StagingToEDW_Dimension_StudentLeads,spSalesForce_StagingToEDW_DimWebCampaign,DECLARE @tblDeleteActions TABLE,No db found
StagingToEDW_StagingToEDW_Dimension_StudentLeads,spSalesForce_StagingToEDW_DimWebCampaign,FROM Source,No db found
StagingToEDW_StagingToEDW_Dimension_StudentLeads,spSalesForce_StagingToEDW_DimWebCampaign,from source ,No db found
StagingToEDW_StagingToEDW_Dimension_StudentLeads,spSalesForce_StagingToEDW_DimWebCampaign,from Source.,Source
StagingToEDW_StagingToEDW_Dimension_StudentLeads,spSalesForce_StagingToEDW_DimWebCampaign,INSERT INTO BING_EDW.dbo.DimWebCampaign,BING_EDW
StagingToEDW_StagingToEDW_Dimension_StudentLeads,spSalesForce_StagingToEDW_DimWebCampaign,FROM BING_EDW.dbo.DimWebCampaign dm_wbcmp,BING_EDW
StagingToEDW_StagingToEDW_Dimension_StudentLeads,spSalesForce_StagingToEDW_DimWebCampaign,DECLARE @ErrMsg NVARCHAR,No db found
StagingToEDW_StagingToEDW_Fact_ARBalanceSnapshot,spCMS_BatchLoad_StagingToEDW_FactARBalanceSnapshot,from Staging to BING_EDW,No db found
StagingToEDW_StagingToEDW_Fact_ARBalanceSnapshot,spCMS_BatchLoad_StagingToEDW_FactARBalanceSnapshot,from the LastProcessedDate,No db found
StagingToEDW_StagingToEDW_Fact_ARBalanceSnapshot,spCMS_BatchLoad_StagingToEDW_FactARBalanceSnapshot,from the min week changed in Staging till today.,today
StagingToEDW_StagingToEDW_Fact_ARBalanceSnapshot,spCMS_BatchLoad_StagingToEDW_FactARBalanceSnapshot,DECLARE @ProcName NVARCHAR,No db found
StagingToEDW_StagingToEDW_Fact_ARBalanceSnapshot,spCMS_BatchLoad_StagingToEDW_FactARBalanceSnapshot,DECLARE @DebugMsg NVARCHAR,No db found
StagingToEDW_StagingToEDW_Fact_ARBalanceSnapshot,spCMS_BatchLoad_StagingToEDW_FactARBalanceSnapshot,DECLARE @TaskName VARCHAR,No db found
StagingToEDW_StagingToEDW_Fact_ARBalanceSnapshot,spCMS_BatchLoad_StagingToEDW_FactARBalanceSnapshot,DECLARE @SourceName SYSNAME ,No db found
StagingToEDW_StagingToEDW_Fact_ARBalanceSnapshot,spCMS_BatchLoad_StagingToEDW_FactARBalanceSnapshot,DECLARE @IsOverrideBatch BIT,No db found
StagingToEDW_StagingToEDW_Fact_ARBalanceSnapshot,spCMS_BatchLoad_StagingToEDW_FactARBalanceSnapshot,DECLARE @RowCount INT,No db found
StagingToEDW_StagingToEDW_Fact_ARBalanceSnapshot,spCMS_BatchLoad_StagingToEDW_FactARBalanceSnapshot,DECLARE @Error INT,No db found
StagingToEDW_StagingToEDW_Fact_ARBalanceSnapshot,spCMS_BatchLoad_StagingToEDW_FactARBalanceSnapshot,DECLARE @AuditId BIGINT,No db found
StagingToEDW_StagingToEDW_Fact_ARBalanceSnapshot,spCMS_BatchLoad_StagingToEDW_FactARBalanceSnapshot,DECLARE @FiscalWeekEndDate DATE,No db found
StagingToEDW_StagingToEDW_Fact_ARBalanceSnapshot,spCMS_BatchLoad_StagingToEDW_FactARBalanceSnapshot,DECLARE @SourceCount INT,No db found
StagingToEDW_StagingToEDW_Fact_ARBalanceSnapshot,spCMS_BatchLoad_StagingToEDW_FactARBalanceSnapshot,DECLARE @InsertCount INT,No db found
StagingToEDW_StagingToEDW_Fact_ARBalanceSnapshot,spCMS_BatchLoad_StagingToEDW_FactARBalanceSnapshot,DECLARE @UpdateCount INT,No db found
StagingToEDW_StagingToEDW_Fact_ARBalanceSnapshot,spCMS_BatchLoad_StagingToEDW_FactARBalanceSnapshot,DECLARE @DeleteCount INT,No db found
StagingToEDW_StagingToEDW_Fact_ARBalanceSnapshot,spCMS_BatchLoad_StagingToEDW_FactARBalanceSnapshot,DECLARE @StartingFiscalWeekEndDate DATETIME,No db found
StagingToEDW_StagingToEDW_Fact_ARBalanceSnapshot,spCMS_BatchLoad_StagingToEDW_FactARBalanceSnapshot,DECLARE @LastProcessedDate DATE,No db found
StagingToEDW_StagingToEDW_Fact_ARBalanceSnapshot,spCMS_BatchLoad_StagingToEDW_FactARBalanceSnapshot,FROM dbo.EDWETLBatchControl,dbo
StagingToEDW_StagingToEDW_Fact_ARBalanceSnapshot,spCMS_BatchLoad_StagingToEDW_FactARBalanceSnapshot,DECLARE @BatchByFiscalWeekEndDate TABLE,No db found
StagingToEDW_StagingToEDW_Fact_ARBalanceSnapshot,spCMS_BatchLoad_StagingToEDW_FactARBalanceSnapshot,FROM dbo.ARBalanceSnapshot,dbo
StagingToEDW_StagingToEDW_Fact_ARBalanceSnapshot,spCMS_BatchLoad_StagingToEDW_FactARBalanceSnapshot,INSERT INTO @BatchByFiscalWeekEndDate,No db found
StagingToEDW_StagingToEDW_Fact_ARBalanceSnapshot,spCMS_BatchLoad_StagingToEDW_FactARBalanceSnapshot,FROM BING_EDW.dbo.DimDate,BING_EDW
StagingToEDW_StagingToEDW_Fact_ARBalanceSnapshot,spCMS_BatchLoad_StagingToEDW_FactARBalanceSnapshot,DECLARE csr_fact_rabalance_fisc_weekend CURSOR,No db found
StagingToEDW_StagingToEDW_Fact_ARBalanceSnapshot,spCMS_BatchLoad_StagingToEDW_FactARBalanceSnapshot,FROM csr_fact_rabalance_fisc_weekend INTO @FiscalWeekEndDate,No db found
StagingToEDW_StagingToEDW_Fact_ARBalanceSnapshot,spCMS_BatchLoad_StagingToEDW_FactARBalanceSnapshot,from all the batch loads for this table,No db found
StagingToEDW_StagingToEDW_Fact_ARBalanceSnapshot,spCMS_BatchLoad_StagingToEDW_FactARBalanceSnapshot,FROM BING_EDW.dbo.EDWBatchLoadLog,BING_EDW
StagingToEDW_StagingToEDW_Fact_ARBalanceSnapshot,spCMS_BatchLoad_StagingToEDW_FactARBalanceSnapshot,UPDATE [BING_EDW].[dbo].[EDWBatchOverride],[BING_EDW]
StagingToEDW_StagingToEDW_Fact_ARBalanceSnapshot,spCMS_BatchLoad_StagingToEDW_FactARBalanceSnapshot,DECLARE @ErrMsg NVARCHAR,No db found
StagingToEDW_StagingToEDW_Fact_ARBalanceSnapshot,spCSS_BatchLoad_StagingToEDW_FactARBalanceSnapshot,from the LastProcessedDate ,No db found
StagingToEDW_StagingToEDW_Fact_ARBalanceSnapshot,spCSS_BatchLoad_StagingToEDW_FactARBalanceSnapshot,from Staging to BING_EDW,No db found
StagingToEDW_StagingToEDW_Fact_ARBalanceSnapshot,spCSS_BatchLoad_StagingToEDW_FactARBalanceSnapshot,from the LastProcessedDate,No db found
StagingToEDW_StagingToEDW_Fact_ARBalanceSnapshot,spCSS_BatchLoad_StagingToEDW_FactARBalanceSnapshot,DECLARE @ProcName NVARCHAR,No db found
StagingToEDW_StagingToEDW_Fact_ARBalanceSnapshot,spCSS_BatchLoad_StagingToEDW_FactARBalanceSnapshot,DECLARE @DebugMsg NVARCHAR,No db found
StagingToEDW_StagingToEDW_Fact_ARBalanceSnapshot,spCSS_BatchLoad_StagingToEDW_FactARBalanceSnapshot,DECLARE @TaskName VARCHAR,No db found
StagingToEDW_StagingToEDW_Fact_ARBalanceSnapshot,spCSS_BatchLoad_StagingToEDW_FactARBalanceSnapshot,DECLARE @SourceName SYSNAME ,No db found
StagingToEDW_StagingToEDW_Fact_ARBalanceSnapshot,spCSS_BatchLoad_StagingToEDW_FactARBalanceSnapshot,DECLARE @IsOverrideBatch BIT,No db found
StagingToEDW_StagingToEDW_Fact_ARBalanceSnapshot,spCSS_BatchLoad_StagingToEDW_FactARBalanceSnapshot,DECLARE @RowCount INT,No db found
StagingToEDW_StagingToEDW_Fact_ARBalanceSnapshot,spCSS_BatchLoad_StagingToEDW_FactARBalanceSnapshot,DECLARE @Error INT,No db found
StagingToEDW_StagingToEDW_Fact_ARBalanceSnapshot,spCSS_BatchLoad_StagingToEDW_FactARBalanceSnapshot,DECLARE @AuditId BIGINT,No db found
StagingToEDW_StagingToEDW_Fact_ARBalanceSnapshot,spCSS_BatchLoad_StagingToEDW_FactARBalanceSnapshot,DECLARE @FiscalWeekNumber INT,No db found
StagingToEDW_StagingToEDW_Fact_ARBalanceSnapshot,spCSS_BatchLoad_StagingToEDW_FactARBalanceSnapshot,DECLARE @SourceCount INT,No db found
StagingToEDW_StagingToEDW_Fact_ARBalanceSnapshot,spCSS_BatchLoad_StagingToEDW_FactARBalanceSnapshot,DECLARE @InsertCount INT,No db found
StagingToEDW_StagingToEDW_Fact_ARBalanceSnapshot,spCSS_BatchLoad_StagingToEDW_FactARBalanceSnapshot,DECLARE @UpdateCount INT,No db found
StagingToEDW_StagingToEDW_Fact_ARBalanceSnapshot,spCSS_BatchLoad_StagingToEDW_FactARBalanceSnapshot,DECLARE @DeleteCount INT,No db found
StagingToEDW_StagingToEDW_Fact_ARBalanceSnapshot,spCSS_BatchLoad_StagingToEDW_FactARBalanceSnapshot,DECLARE @LastProcessedDate DATE,No db found
StagingToEDW_StagingToEDW_Fact_ARBalanceSnapshot,spCSS_BatchLoad_StagingToEDW_FactARBalanceSnapshot,FROM dbo.EDWETLBatchControl,dbo
StagingToEDW_StagingToEDW_Fact_ARBalanceSnapshot,spCSS_BatchLoad_StagingToEDW_FactARBalanceSnapshot,DECLARE @StartingFiscalWeekNumber INT,No db found
StagingToEDW_StagingToEDW_Fact_ARBalanceSnapshot,spCSS_BatchLoad_StagingToEDW_FactARBalanceSnapshot,FROM BING_EDW..vDimFiscalWeek,BING_EDW
StagingToEDW_StagingToEDW_Fact_ARBalanceSnapshot,spCSS_BatchLoad_StagingToEDW_FactARBalanceSnapshot,DECLARE @BatchByFiscalWeekNumber TABLE,No db found
StagingToEDW_StagingToEDW_Fact_ARBalanceSnapshot,spCSS_BatchLoad_StagingToEDW_FactARBalanceSnapshot,FROM dbo.ARBalanceSnapshot,dbo
StagingToEDW_StagingToEDW_Fact_ARBalanceSnapshot,spCSS_BatchLoad_StagingToEDW_FactARBalanceSnapshot,DECLARE csr_fact_rabalance_fisc_weekend CURSOR,No db found
StagingToEDW_StagingToEDW_Fact_ARBalanceSnapshot,spCSS_BatchLoad_StagingToEDW_FactARBalanceSnapshot,FROM csr_fact_rabalance_fisc_weekend INTO @FiscalWeekNumber,No db found
StagingToEDW_StagingToEDW_Fact_ARBalanceSnapshot,spCSS_BatchLoad_StagingToEDW_FactARBalanceSnapshot,from all the batch loads for this table,No db found
StagingToEDW_StagingToEDW_Fact_ARBalanceSnapshot,spCSS_BatchLoad_StagingToEDW_FactARBalanceSnapshot,FROM BING_EDW.dbo.EDWBatchLoadLog,BING_EDW
StagingToEDW_StagingToEDW_Fact_ARBalanceSnapshot,spCSS_BatchLoad_StagingToEDW_FactARBalanceSnapshot,UPDATE [BING_EDW].[dbo].[EDWBatchOverride],[BING_EDW]
StagingToEDW_StagingToEDW_Fact_ARBalanceSnapshot,spCSS_BatchLoad_StagingToEDW_FactARBalanceSnapshot,DECLARE @ErrMsg NVARCHAR,No db found
StagingToEDW_StagingToEDW_Fact_BillingPaymentTransactions,spCMS_StagingToEDW_FactAdjustment,FROM sys.objects,sys
StagingToEDW_StagingToEDW_Fact_BillingPaymentTransactions,spCMS_StagingToEDW_FactAdjustment,from Staging to BING_EDW.,BING_EDW
StagingToEDW_StagingToEDW_Fact_BillingPaymentTransactions,spCMS_StagingToEDW_FactAdjustment,from Source by calling,No db found
StagingToEDW_StagingToEDW_Fact_BillingPaymentTransactions,spCMS_StagingToEDW_FactAdjustment,from source,No db found
StagingToEDW_StagingToEDW_Fact_BillingPaymentTransactions,spCMS_StagingToEDW_FactAdjustment,DECLARE @ProcName NVARCHAR,No db found
StagingToEDW_StagingToEDW_Fact_BillingPaymentTransactions,spCMS_StagingToEDW_FactAdjustment,DECLARE @DebugMsg NVARCHAR,No db found
StagingToEDW_StagingToEDW_Fact_BillingPaymentTransactions,spCMS_StagingToEDW_FactAdjustment,DECLARE @SourceName VARCHAR,No db found
StagingToEDW_StagingToEDW_Fact_BillingPaymentTransactions,spCMS_StagingToEDW_FactAdjustment,DECLARE @AuditId BIGINT,No db found
StagingToEDW_StagingToEDW_Fact_BillingPaymentTransactions,spCMS_StagingToEDW_FactAdjustment,DECLARE @RowCount INT,No db found
StagingToEDW_StagingToEDW_Fact_BillingPaymentTransactions,spCMS_StagingToEDW_FactAdjustment,DECLARE @Error INT,No db found
StagingToEDW_StagingToEDW_Fact_BillingPaymentTransactions,spCMS_StagingToEDW_FactAdjustment,DECLARE @SourceCount INT,No db found
StagingToEDW_StagingToEDW_Fact_BillingPaymentTransactions,spCMS_StagingToEDW_FactAdjustment,DECLARE @InsertCount INT,No db found
StagingToEDW_StagingToEDW_Fact_BillingPaymentTransactions,spCMS_StagingToEDW_FactAdjustment,DECLARE @UpdateCount INT,No db found
StagingToEDW_StagingToEDW_Fact_BillingPaymentTransactions,spCMS_StagingToEDW_FactAdjustment,DECLARE @DeleteCount INT,No db found
StagingToEDW_StagingToEDW_Fact_BillingPaymentTransactions,spCMS_StagingToEDW_FactAdjustment,DECLARE @tblMergeActions TABLE,No db found
StagingToEDW_StagingToEDW_Fact_BillingPaymentTransactions,spCMS_StagingToEDW_FactAdjustment,DECLARE @tblDeleteActions TABLE,No db found
StagingToEDW_StagingToEDW_Fact_BillingPaymentTransactions,spCMS_StagingToEDW_FactAdjustment,from Source,No db found
StagingToEDW_StagingToEDW_Fact_BillingPaymentTransactions,spCMS_StagingToEDW_FactAdjustment,from source ,No db found
StagingToEDW_StagingToEDW_Fact_BillingPaymentTransactions,spCMS_StagingToEDW_FactAdjustment,from Source.,Source
StagingToEDW_StagingToEDW_Fact_BillingPaymentTransactions,spCMS_StagingToEDW_FactAdjustment,UPDATE SET,No db found
StagingToEDW_StagingToEDW_Fact_BillingPaymentTransactions,spCMS_StagingToEDW_FactAdjustment,"FROM
             ",No db found
StagingToEDW_StagingToEDW_Fact_BillingPaymentTransactions,spCMS_StagingToEDW_FactAdjustment,FROM @tblMergeActions,No db found
StagingToEDW_StagingToEDW_Fact_BillingPaymentTransactions,spCMS_StagingToEDW_FactAdjustment,FROM @tblDeleteActions,No db found
StagingToEDW_StagingToEDW_Fact_BillingPaymentTransactions,spCMS_StagingToEDW_FactAdjustment,update in ,No db found
StagingToEDW_StagingToEDW_Fact_BillingPaymentTransactions,spCMS_StagingToEDW_FactAdjustment,from into Target.,Target
StagingToEDW_StagingToEDW_Fact_BillingPaymentTransactions,spCMS_StagingToEDW_FactAdjustment,DECLARE @ErrMsg NVARCHAR,No db found
StagingToEDW_StagingToEDW_Fact_BillingPaymentTransactions,spCMS_BatchLoad_StagingToEDW_FactBilling,from Staging to BING_EDW,No db found
StagingToEDW_StagingToEDW_Fact_BillingPaymentTransactions,spCMS_BatchLoad_StagingToEDW_FactBilling,DECLARE @ProcName NVARCHAR,No db found
StagingToEDW_StagingToEDW_Fact_BillingPaymentTransactions,spCMS_BatchLoad_StagingToEDW_FactBilling,DECLARE @DebugMsg NVARCHAR,No db found
StagingToEDW_StagingToEDW_Fact_BillingPaymentTransactions,spCMS_BatchLoad_StagingToEDW_FactBilling,DECLARE @TaskName VARCHAR,No db found
StagingToEDW_StagingToEDW_Fact_BillingPaymentTransactions,spCMS_BatchLoad_StagingToEDW_FactBilling,DECLARE @SourceName SYSNAME ,No db found
StagingToEDW_StagingToEDW_Fact_BillingPaymentTransactions,spCMS_BatchLoad_StagingToEDW_FactBilling,DECLARE @IsOverrideBatch BIT,No db found
StagingToEDW_StagingToEDW_Fact_BillingPaymentTransactions,spCMS_BatchLoad_StagingToEDW_FactBilling,DECLARE @RowCount INT,No db found
StagingToEDW_StagingToEDW_Fact_BillingPaymentTransactions,spCMS_BatchLoad_StagingToEDW_FactBilling,DECLARE @Error INT,No db found
StagingToEDW_StagingToEDW_Fact_BillingPaymentTransactions,spCMS_BatchLoad_StagingToEDW_FactBilling,DECLARE @AuditId BIGINT,No db found
StagingToEDW_StagingToEDW_Fact_BillingPaymentTransactions,spCMS_BatchLoad_StagingToEDW_FactBilling,DECLARE @FiscalYearNumber INT,No db found
StagingToEDW_StagingToEDW_Fact_BillingPaymentTransactions,spCMS_BatchLoad_StagingToEDW_FactBilling,DECLARE @SourceCount INT,No db found
StagingToEDW_StagingToEDW_Fact_BillingPaymentTransactions,spCMS_BatchLoad_StagingToEDW_FactBilling,DECLARE @InsertCount INT,No db found
StagingToEDW_StagingToEDW_Fact_BillingPaymentTransactions,spCMS_BatchLoad_StagingToEDW_FactBilling,DECLARE @UpdateCount INT,No db found
StagingToEDW_StagingToEDW_Fact_BillingPaymentTransactions,spCMS_BatchLoad_StagingToEDW_FactBilling,DECLARE @DeleteCount INT,No db found
StagingToEDW_StagingToEDW_Fact_BillingPaymentTransactions,spCMS_BatchLoad_StagingToEDW_FactBilling,DECLARE @LastProcessedDate DATE,No db found
StagingToEDW_StagingToEDW_Fact_BillingPaymentTransactions,spCMS_BatchLoad_StagingToEDW_FactBilling,FROM [dbo].[EDWETLBatchControl] ,[dbo]
StagingToEDW_StagingToEDW_Fact_BillingPaymentTransactions,spCMS_BatchLoad_StagingToEDW_FactBilling,DECLARE @BatchByFiscalYear TABLE ,No db found
StagingToEDW_StagingToEDW_Fact_BillingPaymentTransactions,spCMS_BatchLoad_StagingToEDW_FactBilling,"from
		   ",No db found
StagingToEDW_StagingToEDW_Fact_BillingPaymentTransactions,spCMS_BatchLoad_StagingToEDW_FactBilling,INSERT INTO @BatchByFiscalYear,No db found
StagingToEDW_StagingToEDW_Fact_BillingPaymentTransactions,spCMS_BatchLoad_StagingToEDW_FactBilling,FROM [CMS_Staging].[dbo].[finStudentInvoice],[CMS_Staging]
StagingToEDW_StagingToEDW_Fact_BillingPaymentTransactions,spCMS_BatchLoad_StagingToEDW_FactBilling,DECLARE csr_fact_billing_fiscal_year CURSOR,No db found
StagingToEDW_StagingToEDW_Fact_BillingPaymentTransactions,spCMS_BatchLoad_StagingToEDW_FactBilling,FROM @BatchByFiscalYear,No db found
StagingToEDW_StagingToEDW_Fact_BillingPaymentTransactions,spCMS_BatchLoad_StagingToEDW_FactBilling,FROM csr_fact_billing_fiscal_year INTO @FiscalYearNumber,No db found
StagingToEDW_StagingToEDW_Fact_BillingPaymentTransactions,spCMS_BatchLoad_StagingToEDW_FactBilling,from all the batch loads for this table,No db found
StagingToEDW_StagingToEDW_Fact_BillingPaymentTransactions,spCMS_BatchLoad_StagingToEDW_FactBilling,FROM BING_EDW.dbo.EDWBatchLoadLog,BING_EDW
StagingToEDW_StagingToEDW_Fact_BillingPaymentTransactions,spCMS_BatchLoad_StagingToEDW_FactBilling,UPDATE [BING_EDW].[dbo].[EDWBatchOverride],[BING_EDW]
StagingToEDW_StagingToEDW_Fact_BillingPaymentTransactions,spCMS_BatchLoad_StagingToEDW_FactBilling,DECLARE @ErrMsg NVARCHAR,No db found
StagingToEDW_StagingToEDW_Fact_BillingPaymentTransactions,spCMS_BatchLoad_StagingToEDW_FactPayment,from Staging to BING_EDW,No db found
StagingToEDW_StagingToEDW_Fact_BillingPaymentTransactions,spCMS_BatchLoad_StagingToEDW_FactPayment,DECLARE @ProcName NVARCHAR,No db found
StagingToEDW_StagingToEDW_Fact_BillingPaymentTransactions,spCMS_BatchLoad_StagingToEDW_FactPayment,DECLARE @DebugMsg NVARCHAR,No db found
StagingToEDW_StagingToEDW_Fact_BillingPaymentTransactions,spCMS_BatchLoad_StagingToEDW_FactPayment,DECLARE @TaskName VARCHAR,No db found
StagingToEDW_StagingToEDW_Fact_BillingPaymentTransactions,spCMS_BatchLoad_StagingToEDW_FactPayment,DECLARE @SourceName SYSNAME ,No db found
StagingToEDW_StagingToEDW_Fact_BillingPaymentTransactions,spCMS_BatchLoad_StagingToEDW_FactPayment,DECLARE @IsOverrideBatch BIT,No db found
StagingToEDW_StagingToEDW_Fact_BillingPaymentTransactions,spCMS_BatchLoad_StagingToEDW_FactPayment,DECLARE @RowCount INT,No db found
StagingToEDW_StagingToEDW_Fact_BillingPaymentTransactions,spCMS_BatchLoad_StagingToEDW_FactPayment,DECLARE @Error INT,No db found
StagingToEDW_StagingToEDW_Fact_BillingPaymentTransactions,spCMS_BatchLoad_StagingToEDW_FactPayment,DECLARE @AuditId BIGINT,No db found
StagingToEDW_StagingToEDW_Fact_BillingPaymentTransactions,spCMS_BatchLoad_StagingToEDW_FactPayment,DECLARE @FiscalYearNumber INT,No db found
StagingToEDW_StagingToEDW_Fact_BillingPaymentTransactions,spCMS_BatchLoad_StagingToEDW_FactPayment,DECLARE @SourceCount INT,No db found
StagingToEDW_StagingToEDW_Fact_BillingPaymentTransactions,spCMS_BatchLoad_StagingToEDW_FactPayment,DECLARE @InsertCount INT,No db found
StagingToEDW_StagingToEDW_Fact_BillingPaymentTransactions,spCMS_BatchLoad_StagingToEDW_FactPayment,DECLARE @UpdateCount INT,No db found
StagingToEDW_StagingToEDW_Fact_BillingPaymentTransactions,spCMS_BatchLoad_StagingToEDW_FactPayment,DECLARE @DeleteCount INT,No db found
StagingToEDW_StagingToEDW_Fact_BillingPaymentTransactions,spCMS_BatchLoad_StagingToEDW_FactPayment,DECLARE @LastProcessedDate DATE,No db found
StagingToEDW_StagingToEDW_Fact_BillingPaymentTransactions,spCMS_BatchLoad_StagingToEDW_FactPayment,FROM [dbo].[EDWETLBatchControl] ,[dbo]
StagingToEDW_StagingToEDW_Fact_BillingPaymentTransactions,spCMS_BatchLoad_StagingToEDW_FactPayment,DECLARE @BatchByFiscalYear TABLE,No db found
StagingToEDW_StagingToEDW_Fact_BillingPaymentTransactions,spCMS_BatchLoad_StagingToEDW_FactPayment,"from
		   ",No db found
StagingToEDW_StagingToEDW_Fact_BillingPaymentTransactions,spCMS_BatchLoad_StagingToEDW_FactPayment,INSERT INTO @BatchByFiscalYear,No db found
StagingToEDW_StagingToEDW_Fact_BillingPaymentTransactions,spCMS_BatchLoad_StagingToEDW_FactPayment,FROM dbo.finStudentPayment,dbo
StagingToEDW_StagingToEDW_Fact_BillingPaymentTransactions,spCMS_BatchLoad_StagingToEDW_FactPayment,DECLARE csr_fact_payment_fiscal_year CURSOR,No db found
StagingToEDW_StagingToEDW_Fact_BillingPaymentTransactions,spCMS_BatchLoad_StagingToEDW_FactPayment,FROM @BatchByFiscalYear,No db found
StagingToEDW_StagingToEDW_Fact_BillingPaymentTransactions,spCMS_BatchLoad_StagingToEDW_FactPayment,FROM csr_fact_payment_fiscal_year INTO @FiscalYearNumber,No db found
StagingToEDW_StagingToEDW_Fact_BillingPaymentTransactions,spCMS_BatchLoad_StagingToEDW_FactPayment,from all the batch loads for this table,No db found
StagingToEDW_StagingToEDW_Fact_BillingPaymentTransactions,spCMS_BatchLoad_StagingToEDW_FactPayment,FROM BING_EDW.dbo.EDWBatchLoadLog,BING_EDW
StagingToEDW_StagingToEDW_Fact_BillingPaymentTransactions,spCMS_BatchLoad_StagingToEDW_FactPayment,UPDATE [BING_EDW].[dbo].[EDWBatchOverride],[BING_EDW]
StagingToEDW_StagingToEDW_Fact_BillingPaymentTransactions,spCMS_BatchLoad_StagingToEDW_FactPayment,DECLARE @ErrMsg NVARCHAR,No db found
StagingToEDW_StagingToEDW_Fact_BillingPaymentTransactions,spCMS_StagingToEDW_FactPaymentApplied,FROM sys.objects,sys
StagingToEDW_StagingToEDW_Fact_BillingPaymentTransactions,spCMS_StagingToEDW_FactPaymentApplied,from Staging to BING_EDW.,BING_EDW
StagingToEDW_StagingToEDW_Fact_BillingPaymentTransactions,spCMS_StagingToEDW_FactPaymentApplied,from Source by calling,No db found
StagingToEDW_StagingToEDW_Fact_BillingPaymentTransactions,spCMS_StagingToEDW_FactPaymentApplied,from SSIS logic,No db found
StagingToEDW_StagingToEDW_Fact_BillingPaymentTransactions,spCMS_StagingToEDW_FactPaymentApplied,DECLARE @ProcName NVARCHAR,No db found
StagingToEDW_StagingToEDW_Fact_BillingPaymentTransactions,spCMS_StagingToEDW_FactPaymentApplied,DECLARE @DebugMsg NVARCHAR,No db found
StagingToEDW_StagingToEDW_Fact_BillingPaymentTransactions,spCMS_StagingToEDW_FactPaymentApplied,DECLARE @TaskName VARCHAR,No db found
StagingToEDW_StagingToEDW_Fact_BillingPaymentTransactions,spCMS_StagingToEDW_FactPaymentApplied,DECLARE @AuditId BIGINT,No db found
StagingToEDW_StagingToEDW_Fact_BillingPaymentTransactions,spCMS_StagingToEDW_FactPaymentApplied,DECLARE @RowCount INT,No db found
StagingToEDW_StagingToEDW_Fact_BillingPaymentTransactions,spCMS_StagingToEDW_FactPaymentApplied,DECLARE @Error INT,No db found
StagingToEDW_StagingToEDW_Fact_BillingPaymentTransactions,spCMS_StagingToEDW_FactPaymentApplied,DECLARE @SourceCount INT,No db found
StagingToEDW_StagingToEDW_Fact_BillingPaymentTransactions,spCMS_StagingToEDW_FactPaymentApplied,DECLARE @InsertCount INT,No db found
StagingToEDW_StagingToEDW_Fact_BillingPaymentTransactions,spCMS_StagingToEDW_FactPaymentApplied,DECLARE @UpdateCount INT,No db found
StagingToEDW_StagingToEDW_Fact_BillingPaymentTransactions,spCMS_StagingToEDW_FactPaymentApplied,DECLARE @DeleteCount INT,No db found
StagingToEDW_StagingToEDW_Fact_BillingPaymentTransactions,spCMS_StagingToEDW_FactPaymentApplied,DECLARE @tblMergeActions TABLE,No db found
StagingToEDW_StagingToEDW_Fact_BillingPaymentTransactions,spCMS_StagingToEDW_FactPaymentApplied,DECLARE @tblDeleteActions TABLE,No db found
StagingToEDW_StagingToEDW_Fact_BillingPaymentTransactions,spCMS_StagingToEDW_FactPaymentApplied,from Source,No db found
StagingToEDW_StagingToEDW_Fact_BillingPaymentTransactions,spCMS_StagingToEDW_FactPaymentApplied,from source ,No db found
StagingToEDW_StagingToEDW_Fact_BillingPaymentTransactions,spCMS_StagingToEDW_FactPaymentApplied,from Source.,Source
StagingToEDW_StagingToEDW_Fact_BillingPaymentTransactions,spCMS_StagingToEDW_FactPaymentApplied,"FROM
             ",No db found
StagingToEDW_StagingToEDW_Fact_BillingPaymentTransactions,spCMS_StagingToEDW_FactPaymentApplied,FROM @tblMergeActions,No db found
StagingToEDW_StagingToEDW_Fact_BillingPaymentTransactions,spCMS_StagingToEDW_FactPaymentApplied,UPDATE SET,No db found
StagingToEDW_StagingToEDW_Fact_BillingPaymentTransactions,spCMS_StagingToEDW_FactPaymentApplied,FROM @tblDeleteActions,No db found
StagingToEDW_StagingToEDW_Fact_BillingPaymentTransactions,spCMS_StagingToEDW_FactPaymentApplied,update in ,No db found
StagingToEDW_StagingToEDW_Fact_BillingPaymentTransactions,spCMS_StagingToEDW_FactPaymentApplied,from into Target.,Target
StagingToEDW_StagingToEDW_Fact_BillingPaymentTransactions,spCMS_StagingToEDW_FactPaymentApplied,DECLARE @ErrMsg NVARCHAR,No db found
StagingToEDW_StagingToEDW_Fact_CenterManagementEnrollment,spCMS_StagingToEDW_FactSessionEnrollment,FROM sys.objects,sys
StagingToEDW_StagingToEDW_Fact_CenterManagementEnrollment,spCMS_StagingToEDW_FactSessionEnrollment,from Staging to BING_EDW.,BING_EDW
StagingToEDW_StagingToEDW_Fact_CenterManagementEnrollment,spCMS_StagingToEDW_FactSessionEnrollment,from Source by calling,No db found
StagingToEDW_StagingToEDW_Fact_CenterManagementEnrollment,spCMS_StagingToEDW_FactSessionEnrollment,from SSIS logic,No db found
StagingToEDW_StagingToEDW_Fact_CenterManagementEnrollment,spCMS_StagingToEDW_FactSessionEnrollment,DECLARE @ProcName NVARCHAR,No db found
StagingToEDW_StagingToEDW_Fact_CenterManagementEnrollment,spCMS_StagingToEDW_FactSessionEnrollment,DECLARE @DebugMsg NVARCHAR,No db found
StagingToEDW_StagingToEDW_Fact_CenterManagementEnrollment,spCMS_StagingToEDW_FactSessionEnrollment,DECLARE @TaskName VARCHAR,No db found
StagingToEDW_StagingToEDW_Fact_CenterManagementEnrollment,spCMS_StagingToEDW_FactSessionEnrollment,DECLARE @AuditId BIGINT,No db found
StagingToEDW_StagingToEDW_Fact_CenterManagementEnrollment,spCMS_StagingToEDW_FactSessionEnrollment,DECLARE @RowCount INT,No db found
StagingToEDW_StagingToEDW_Fact_CenterManagementEnrollment,spCMS_StagingToEDW_FactSessionEnrollment,DECLARE @Error INT,No db found
StagingToEDW_StagingToEDW_Fact_CenterManagementEnrollment,spCMS_StagingToEDW_FactSessionEnrollment,DECLARE @SourceCount INT,No db found
StagingToEDW_StagingToEDW_Fact_CenterManagementEnrollment,spCMS_StagingToEDW_FactSessionEnrollment,DECLARE @InsertCount INT,No db found
StagingToEDW_StagingToEDW_Fact_CenterManagementEnrollment,spCMS_StagingToEDW_FactSessionEnrollment,DECLARE @UpdateCount INT,No db found
StagingToEDW_StagingToEDW_Fact_CenterManagementEnrollment,spCMS_StagingToEDW_FactSessionEnrollment,DECLARE @DeleteCount INT,No db found
StagingToEDW_StagingToEDW_Fact_CenterManagementEnrollment,spCMS_StagingToEDW_FactSessionEnrollment,DECLARE @tblMergeActions TABLE,No db found
StagingToEDW_StagingToEDW_Fact_CenterManagementEnrollment,spCMS_StagingToEDW_FactSessionEnrollment,DECLARE @tblDeleteActions TABLE,No db found
StagingToEDW_StagingToEDW_Fact_CenterManagementEnrollment,spCMS_StagingToEDW_FactSessionEnrollment,from Source,No db found
StagingToEDW_StagingToEDW_Fact_CenterManagementEnrollment,spCMS_StagingToEDW_FactSessionEnrollment,from source ,No db found
StagingToEDW_StagingToEDW_Fact_CenterManagementEnrollment,spCMS_StagingToEDW_FactSessionEnrollment,from Source.,Source
StagingToEDW_StagingToEDW_Fact_CenterManagementEnrollment,spCMS_StagingToEDW_FactSessionEnrollment,UPDATE SET,No db found
StagingToEDW_StagingToEDW_Fact_CenterManagementEnrollment,spCMS_StagingToEDW_FactSessionEnrollment,"FROM
             ",No db found
StagingToEDW_StagingToEDW_Fact_CenterManagementEnrollment,spCMS_StagingToEDW_FactSessionEnrollment,FROM @tblMergeActions,No db found
StagingToEDW_StagingToEDW_Fact_CenterManagementEnrollment,spCMS_StagingToEDW_FactSessionEnrollment,FROM @tblDeleteActions,No db found
StagingToEDW_StagingToEDW_Fact_CenterManagementEnrollment,spCMS_StagingToEDW_FactSessionEnrollment,update in ,No db found
StagingToEDW_StagingToEDW_Fact_CenterManagementEnrollment,spCMS_StagingToEDW_FactSessionEnrollment,from into Target.,Target
StagingToEDW_StagingToEDW_Fact_CenterManagementEnrollment,spCMS_StagingToEDW_FactSessionEnrollment,DECLARE @ErrMsg NVARCHAR,No db found
StagingToEDW_StagingToEDW_Fact_CenterManagementEnrollment,spCMS_StagingToEDW_FactTierAssignment,FROM sys.objects,sys
StagingToEDW_StagingToEDW_Fact_CenterManagementEnrollment,spCMS_StagingToEDW_FactTierAssignment,from Staging to BING_EDW.,BING_EDW
StagingToEDW_StagingToEDW_Fact_CenterManagementEnrollment,spCMS_StagingToEDW_FactTierAssignment,from Source by calling,No db found
StagingToEDW_StagingToEDW_Fact_CenterManagementEnrollment,spCMS_StagingToEDW_FactTierAssignment,from SSIS logic,No db found
StagingToEDW_StagingToEDW_Fact_CenterManagementEnrollment,spCMS_StagingToEDW_FactTierAssignment,DECLARE @ProcName NVARCHAR,No db found
StagingToEDW_StagingToEDW_Fact_CenterManagementEnrollment,spCMS_StagingToEDW_FactTierAssignment,DECLARE @DebugMsg NVARCHAR,No db found
StagingToEDW_StagingToEDW_Fact_CenterManagementEnrollment,spCMS_StagingToEDW_FactTierAssignment,DECLARE @TaskName VARCHAR,No db found
StagingToEDW_StagingToEDW_Fact_CenterManagementEnrollment,spCMS_StagingToEDW_FactTierAssignment,DECLARE @AuditId BIGINT,No db found
StagingToEDW_StagingToEDW_Fact_CenterManagementEnrollment,spCMS_StagingToEDW_FactTierAssignment,DECLARE @RowCount INT,No db found
StagingToEDW_StagingToEDW_Fact_CenterManagementEnrollment,spCMS_StagingToEDW_FactTierAssignment,DECLARE @Error INT,No db found
StagingToEDW_StagingToEDW_Fact_CenterManagementEnrollment,spCMS_StagingToEDW_FactTierAssignment,DECLARE @SourceCount INT,No db found
StagingToEDW_StagingToEDW_Fact_CenterManagementEnrollment,spCMS_StagingToEDW_FactTierAssignment,DECLARE @InsertCount INT,No db found
StagingToEDW_StagingToEDW_Fact_CenterManagementEnrollment,spCMS_StagingToEDW_FactTierAssignment,DECLARE @UpdateCount INT,No db found
StagingToEDW_StagingToEDW_Fact_CenterManagementEnrollment,spCMS_StagingToEDW_FactTierAssignment,DECLARE @DeleteCount INT,No db found
StagingToEDW_StagingToEDW_Fact_CenterManagementEnrollment,spCMS_StagingToEDW_FactTierAssignment,DECLARE @tblMergeActions TABLE,No db found
StagingToEDW_StagingToEDW_Fact_CenterManagementEnrollment,spCMS_StagingToEDW_FactTierAssignment,DECLARE @tblDeleteActions TABLE,No db found
StagingToEDW_StagingToEDW_Fact_CenterManagementEnrollment,spCMS_StagingToEDW_FactTierAssignment,from Source,No db found
StagingToEDW_StagingToEDW_Fact_CenterManagementEnrollment,spCMS_StagingToEDW_FactTierAssignment,from source ,No db found
StagingToEDW_StagingToEDW_Fact_CenterManagementEnrollment,spCMS_StagingToEDW_FactTierAssignment,from Source.,Source
StagingToEDW_StagingToEDW_Fact_CenterManagementEnrollment,spCMS_StagingToEDW_FactTierAssignment,UPDATE SET,No db found
StagingToEDW_StagingToEDW_Fact_CenterManagementEnrollment,spCMS_StagingToEDW_FactTierAssignment,"FROM
             ",No db found
StagingToEDW_StagingToEDW_Fact_CenterManagementEnrollment,spCMS_StagingToEDW_FactTierAssignment,FROM @tblMergeActions,No db found
StagingToEDW_StagingToEDW_Fact_CenterManagementEnrollment,spCMS_StagingToEDW_FactTierAssignment,FROM @tblDeleteActions,No db found
StagingToEDW_StagingToEDW_Fact_CenterManagementEnrollment,spCMS_StagingToEDW_FactTierAssignment,update in ,No db found
StagingToEDW_StagingToEDW_Fact_CenterManagementEnrollment,spCMS_StagingToEDW_FactTierAssignment,from into Target.,Target
StagingToEDW_StagingToEDW_Fact_CenterManagementEnrollment,spCMS_StagingToEDW_FactTierAssignment,DECLARE @ErrMsg NVARCHAR,No db found
StagingToEDW_StagingToEDW_Fact_CenterManagementRevenue,spPRO_BatchLoad_StagingToEDW_FactNetRevenue,from Staging to BING_EDW,No db found
StagingToEDW_StagingToEDW_Fact_CenterManagementRevenue,spPRO_BatchLoad_StagingToEDW_FactNetRevenue,DECLARE @ProcName NVARCHAR,No db found
StagingToEDW_StagingToEDW_Fact_CenterManagementRevenue,spPRO_BatchLoad_StagingToEDW_FactNetRevenue,DECLARE @DebugMsg NVARCHAR,No db found
StagingToEDW_StagingToEDW_Fact_CenterManagementRevenue,spPRO_BatchLoad_StagingToEDW_FactNetRevenue,DECLARE @TaskName VARCHAR,No db found
StagingToEDW_StagingToEDW_Fact_CenterManagementRevenue,spPRO_BatchLoad_StagingToEDW_FactNetRevenue,DECLARE @RowCount INT,No db found
StagingToEDW_StagingToEDW_Fact_CenterManagementRevenue,spPRO_BatchLoad_StagingToEDW_FactNetRevenue,DECLARE @Error INT,No db found
StagingToEDW_StagingToEDW_Fact_CenterManagementRevenue,spPRO_BatchLoad_StagingToEDW_FactNetRevenue,DECLARE @AuditId BIGINT,No db found
StagingToEDW_StagingToEDW_Fact_CenterManagementRevenue,spPRO_BatchLoad_StagingToEDW_FactNetRevenue,DECLARE @FiscalWeekNumber INT,No db found
StagingToEDW_StagingToEDW_Fact_CenterManagementRevenue,spPRO_BatchLoad_StagingToEDW_FactNetRevenue,DECLARE @SourceCount INT,No db found
StagingToEDW_StagingToEDW_Fact_CenterManagementRevenue,spPRO_BatchLoad_StagingToEDW_FactNetRevenue,DECLARE @InsertCount INT,No db found
StagingToEDW_StagingToEDW_Fact_CenterManagementRevenue,spPRO_BatchLoad_StagingToEDW_FactNetRevenue,DECLARE @UpdateCount INT,No db found
StagingToEDW_StagingToEDW_Fact_CenterManagementRevenue,spPRO_BatchLoad_StagingToEDW_FactNetRevenue,DECLARE @DeleteCount INT,No db found
StagingToEDW_StagingToEDW_Fact_CenterManagementRevenue,spPRO_BatchLoad_StagingToEDW_FactNetRevenue,DECLARE @LastProcessedDate DATETIME,No db found
StagingToEDW_StagingToEDW_Fact_CenterManagementRevenue,spPRO_BatchLoad_StagingToEDW_FactNetRevenue,FROM CMS_Staging..EDWETLBatchControl,CMS_Staging
StagingToEDW_StagingToEDW_Fact_CenterManagementRevenue,spPRO_BatchLoad_StagingToEDW_FactNetRevenue,DECLARE @BatchByFiscalWeekNumber TABLE,No db found
StagingToEDW_StagingToEDW_Fact_CenterManagementRevenue,spPRO_BatchLoad_StagingToEDW_FactNetRevenue,DECLARE @SourceFiscalWeekNumber TABLE,No db found
StagingToEDW_StagingToEDW_Fact_CenterManagementRevenue,spPRO_BatchLoad_StagingToEDW_FactNetRevenue,INSERT INTO @SourceFiscalWeekNumber,No db found
StagingToEDW_StagingToEDW_Fact_CenterManagementRevenue,spPRO_BatchLoad_StagingToEDW_FactNetRevenue,FROM dbo.CambridgeRevenue,dbo
StagingToEDW_StagingToEDW_Fact_CenterManagementRevenue,spPRO_BatchLoad_StagingToEDW_FactNetRevenue,INSERT INTO @BatchByFiscalWeekNumber,No db found
StagingToEDW_StagingToEDW_Fact_CenterManagementRevenue,spPRO_BatchLoad_StagingToEDW_FactNetRevenue,FROM BING_EDW.dbo.DimDate,BING_EDW
StagingToEDW_StagingToEDW_Fact_CenterManagementRevenue,spPRO_BatchLoad_StagingToEDW_FactNetRevenue,JOIN ,No db found
StagingToEDW_StagingToEDW_Fact_CenterManagementRevenue,spPRO_BatchLoad_StagingToEDW_FactNetRevenue,DECLARE csr_fact_nrevenue_pro_fisc_weekNumber CURSOR,No db found
StagingToEDW_StagingToEDW_Fact_CenterManagementRevenue,spPRO_BatchLoad_StagingToEDW_FactNetRevenue,FROM @BatchByFiscalWeekNumber WHERE FiscalWeekNumber ,No db found
StagingToEDW_StagingToEDW_Fact_CenterManagementRevenue,spPRO_BatchLoad_StagingToEDW_FactNetRevenue,FROM csr_fact_nrevenue_pro_fisc_weekNumber INTO @FiscalWeekNumber,No db found
StagingToEDW_StagingToEDW_Fact_CenterManagementRevenue,spPRO_BatchLoad_StagingToEDW_FactNetRevenue,from all the batch loads for this table,No db found
StagingToEDW_StagingToEDW_Fact_CenterManagementRevenue,spPRO_BatchLoad_StagingToEDW_FactNetRevenue,FROM BING_EDW.dbo.EDWBatchLoadLog,BING_EDW
StagingToEDW_StagingToEDW_Fact_CenterManagementRevenue,spPRO_BatchLoad_StagingToEDW_FactNetRevenue,DECLARE @ErrMsg NVARCHAR,No db found
StagingToEDW_StagingToEDW_Fact_CenterManagementRevenue,spCMS_BatchLoad_StagingToEDW_FactNetRevenue,from Staging to BING_EDW,No db found
StagingToEDW_StagingToEDW_Fact_CenterManagementRevenue,spCMS_BatchLoad_StagingToEDW_FactNetRevenue,from the LastProcessedDate,No db found
StagingToEDW_StagingToEDW_Fact_CenterManagementRevenue,spCMS_BatchLoad_StagingToEDW_FactNetRevenue,DECLARE @ProcName NVARCHAR,No db found
StagingToEDW_StagingToEDW_Fact_CenterManagementRevenue,spCMS_BatchLoad_StagingToEDW_FactNetRevenue,DECLARE @DebugMsg NVARCHAR,No db found
StagingToEDW_StagingToEDW_Fact_CenterManagementRevenue,spCMS_BatchLoad_StagingToEDW_FactNetRevenue,DECLARE @TaskName VARCHAR,No db found
StagingToEDW_StagingToEDW_Fact_CenterManagementRevenue,spCMS_BatchLoad_StagingToEDW_FactNetRevenue,DECLARE @SourceName SYSNAME ,No db found
StagingToEDW_StagingToEDW_Fact_CenterManagementRevenue,spCMS_BatchLoad_StagingToEDW_FactNetRevenue,DECLARE @IsOverrideBatch BIT,No db found
StagingToEDW_StagingToEDW_Fact_CenterManagementRevenue,spCMS_BatchLoad_StagingToEDW_FactNetRevenue,DECLARE @RowCount INT,No db found
StagingToEDW_StagingToEDW_Fact_CenterManagementRevenue,spCMS_BatchLoad_StagingToEDW_FactNetRevenue,DECLARE @Error INT,No db found
StagingToEDW_StagingToEDW_Fact_CenterManagementRevenue,spCMS_BatchLoad_StagingToEDW_FactNetRevenue,DECLARE @AuditId BIGINT,No db found
StagingToEDW_StagingToEDW_Fact_CenterManagementRevenue,spCMS_BatchLoad_StagingToEDW_FactNetRevenue,DECLARE @FiscalWeekEndDate DATE,No db found
StagingToEDW_StagingToEDW_Fact_CenterManagementRevenue,spCMS_BatchLoad_StagingToEDW_FactNetRevenue,DECLARE @SourceCount INT,No db found
StagingToEDW_StagingToEDW_Fact_CenterManagementRevenue,spCMS_BatchLoad_StagingToEDW_FactNetRevenue,DECLARE @InsertCount INT,No db found
StagingToEDW_StagingToEDW_Fact_CenterManagementRevenue,spCMS_BatchLoad_StagingToEDW_FactNetRevenue,DECLARE @UpdateCount INT,No db found
StagingToEDW_StagingToEDW_Fact_CenterManagementRevenue,spCMS_BatchLoad_StagingToEDW_FactNetRevenue,DECLARE @DeleteCount INT,No db found
StagingToEDW_StagingToEDW_Fact_CenterManagementRevenue,spCMS_BatchLoad_StagingToEDW_FactNetRevenue,DECLARE @LastProcessedDate DATETIME,No db found
StagingToEDW_StagingToEDW_Fact_CenterManagementRevenue,spCMS_BatchLoad_StagingToEDW_FactNetRevenue,FROM [dbo].[EDWETLBatchControl] ,[dbo]
StagingToEDW_StagingToEDW_Fact_CenterManagementRevenue,spCMS_BatchLoad_StagingToEDW_FactNetRevenue,from CMS,No db found
StagingToEDW_StagingToEDW_Fact_CenterManagementRevenue,spCMS_BatchLoad_StagingToEDW_FactNetRevenue,DECLARE @BatchByFiscalWeekEndDate TABLE,No db found
StagingToEDW_StagingToEDW_Fact_CenterManagementRevenue,spCMS_BatchLoad_StagingToEDW_FactNetRevenue,DECLARE @SourceFiscalDate TABLE,No db found
StagingToEDW_StagingToEDW_Fact_CenterManagementRevenue,spCMS_BatchLoad_StagingToEDW_FactNetRevenue,INSERT INTO @SourceFiscalDate,No db found
StagingToEDW_StagingToEDW_Fact_CenterManagementRevenue,spCMS_BatchLoad_StagingToEDW_FactNetRevenue,FROM dbo.finGeneralLedger,dbo
StagingToEDW_StagingToEDW_Fact_CenterManagementRevenue,spCMS_BatchLoad_StagingToEDW_FactNetRevenue,FROM BING_EDW.dbo.DimDate,BING_EDW
StagingToEDW_StagingToEDW_Fact_CenterManagementRevenue,spCMS_BatchLoad_StagingToEDW_FactNetRevenue,JOIN ,No db found
StagingToEDW_StagingToEDW_Fact_CenterManagementRevenue,spCMS_BatchLoad_StagingToEDW_FactNetRevenue,FROM BING_EDW..DimDate,BING_EDW
StagingToEDW_StagingToEDW_Fact_CenterManagementRevenue,spCMS_BatchLoad_StagingToEDW_FactNetRevenue,DECLARE csr_fact_rabalance_fisc_weekend CURSOR FOR,No db found
StagingToEDW_StagingToEDW_Fact_CenterManagementRevenue,spCMS_BatchLoad_StagingToEDW_FactNetRevenue,FROM csr_fact_rabalance_fisc_weekend INTO @FiscalWeekEndDate,No db found
StagingToEDW_StagingToEDW_Fact_CenterManagementRevenue,spCMS_BatchLoad_StagingToEDW_FactNetRevenue,from all the batch loads for this table,No db found
StagingToEDW_StagingToEDW_Fact_CenterManagementRevenue,spCMS_BatchLoad_StagingToEDW_FactNetRevenue,FROM BING_EDW.dbo.EDWBatchLoadLog,BING_EDW
StagingToEDW_StagingToEDW_Fact_CenterManagementRevenue,spCMS_BatchLoad_StagingToEDW_FactNetRevenue,UPDATE [BING_EDW].[dbo].[EDWBatchOverride],[BING_EDW]
StagingToEDW_StagingToEDW_Fact_CenterManagementRevenue,spCMS_BatchLoad_StagingToEDW_FactNetRevenue,DECLARE @ErrMsg NVARCHAR,No db found
StagingToEDW_StagingToEDW_Fact_CenterManagementRevenue,spUpdateStatistics,FROM sys.objects,sys
StagingToEDW_StagingToEDW_Fact_CenterManagementRevenue,spUpdateStatistics,DECLARE @ProcName NVARCHAR,No db found
StagingToEDW_StagingToEDW_Fact_CenterManagementRevenue,spUpdateStatistics,DECLARE @DebugMsg NVARCHAR,No db found
StagingToEDW_StagingToEDW_Fact_CenterManagementRevenue,spUpdateStatistics,DECLARE @TaskName VARCHAR,No db found
StagingToEDW_StagingToEDW_Fact_CenterManagementRevenue,spUpdateStatistics,DECLARE @RowCount INT,No db found
StagingToEDW_StagingToEDW_Fact_CenterManagementRevenue,spUpdateStatistics,DECLARE @Error INT,No db found
StagingToEDW_StagingToEDW_Fact_CenterManagementRevenue,spUpdateStatistics,DECLARE @AuditId BIGINT,No db found
StagingToEDW_StagingToEDW_Fact_CenterManagementRevenue,spUpdateStatistics,DECLARE @FiscalWeekNumber INT,No db found
StagingToEDW_StagingToEDW_Fact_CenterManagementRevenue,spUpdateStatistics,DECLARE @SourceCount INT,No db found
StagingToEDW_StagingToEDW_Fact_CenterManagementRevenue,spUpdateStatistics,DECLARE @InsertCount INT,No db found
StagingToEDW_StagingToEDW_Fact_CenterManagementRevenue,spUpdateStatistics,DECLARE @UpdateCount INT,No db found
StagingToEDW_StagingToEDW_Fact_CenterManagementRevenue,spUpdateStatistics,DECLARE @DeleteCount INT,No db found
StagingToEDW_StagingToEDW_Fact_CenterManagementRevenue,spUpdateStatistics,DECLARE @UpdateStatsSQLCommand VARCHAR,No db found
StagingToEDW_StagingToEDW_Fact_CenterManagementRevenue,spUpdateStatistics,DECLARE @UpdateStatsTable TABLE,No db found
StagingToEDW_StagingToEDW_Fact_CenterManagementRevenue,spUpdateStatistics,Update Stats for each table in the database,No db found
StagingToEDW_StagingToEDW_Fact_CenterManagementRevenue,spUpdateStatistics,INSERT INTO @UpdateStatsTable,No db found
StagingToEDW_StagingToEDW_Fact_CenterManagementRevenue,spUpdateStatistics,UPDATE STATISTICS [dbo].[,[dbo]
StagingToEDW_StagingToEDW_Fact_CenterManagementRevenue,spUpdateStatistics,FROM sysobjects,No db found
StagingToEDW_StagingToEDW_Fact_CenterManagementRevenue,spUpdateStatistics,DECLARE csr_update_stats CURSOR,No db found
StagingToEDW_StagingToEDW_Fact_CenterManagementRevenue,spUpdateStatistics,FROM @UpdateStatsTable,No db found
StagingToEDW_StagingToEDW_Fact_CenterManagementRevenue,spUpdateStatistics,FROM csr_update_stats INTO @UpdateStatsSQLCommand,No db found
StagingToEDW_StagingToEDW_Fact_CenterManagementRevenue,spUpdateStatistics,Update Stats command,No db found
StagingToEDW_StagingToEDW_Fact_CenterManagementRevenue,spUpdateStatistics,DECLARE @ErrMsg NVARCHAR,No db found
StagingToEDW_StagingToEDW_Fact_CenterManagementRevenue,spHOR_BatchLoad_StagingToEDW_FactNetRevenue,from Staging to BING_EDW,No db found
StagingToEDW_StagingToEDW_Fact_CenterManagementRevenue,spHOR_BatchLoad_StagingToEDW_FactNetRevenue,DECLARE @ProcName NVARCHAR,No db found
StagingToEDW_StagingToEDW_Fact_CenterManagementRevenue,spHOR_BatchLoad_StagingToEDW_FactNetRevenue,DECLARE @DebugMsg NVARCHAR,No db found
StagingToEDW_StagingToEDW_Fact_CenterManagementRevenue,spHOR_BatchLoad_StagingToEDW_FactNetRevenue,DECLARE @TaskName VARCHAR,No db found
StagingToEDW_StagingToEDW_Fact_CenterManagementRevenue,spHOR_BatchLoad_StagingToEDW_FactNetRevenue,DECLARE @RowCount INT,No db found
StagingToEDW_StagingToEDW_Fact_CenterManagementRevenue,spHOR_BatchLoad_StagingToEDW_FactNetRevenue,DECLARE @Error INT,No db found
StagingToEDW_StagingToEDW_Fact_CenterManagementRevenue,spHOR_BatchLoad_StagingToEDW_FactNetRevenue,DECLARE @AuditId BIGINT,No db found
StagingToEDW_StagingToEDW_Fact_CenterManagementRevenue,spHOR_BatchLoad_StagingToEDW_FactNetRevenue,DECLARE @FiscalWeekEndDate DATE,No db found
StagingToEDW_StagingToEDW_Fact_CenterManagementRevenue,spHOR_BatchLoad_StagingToEDW_FactNetRevenue,DECLARE @SourceCount INT,No db found
StagingToEDW_StagingToEDW_Fact_CenterManagementRevenue,spHOR_BatchLoad_StagingToEDW_FactNetRevenue,DECLARE @InsertCount INT,No db found
StagingToEDW_StagingToEDW_Fact_CenterManagementRevenue,spHOR_BatchLoad_StagingToEDW_FactNetRevenue,DECLARE @UpdateCount INT,No db found
StagingToEDW_StagingToEDW_Fact_CenterManagementRevenue,spHOR_BatchLoad_StagingToEDW_FactNetRevenue,DECLARE @DeleteCount INT,No db found
StagingToEDW_StagingToEDW_Fact_CenterManagementRevenue,spHOR_BatchLoad_StagingToEDW_FactNetRevenue,DECLARE @LastProcessedDate DATETIME,No db found
StagingToEDW_StagingToEDW_Fact_CenterManagementRevenue,spHOR_BatchLoad_StagingToEDW_FactNetRevenue,FROM CMS_Staging..EDWETLBatchControl,CMS_Staging
StagingToEDW_StagingToEDW_Fact_CenterManagementRevenue,spHOR_BatchLoad_StagingToEDW_FactNetRevenue,DECLARE @BatchByFiscalWeekEndDate TABLE,No db found
StagingToEDW_StagingToEDW_Fact_CenterManagementRevenue,spHOR_BatchLoad_StagingToEDW_FactNetRevenue,DECLARE @SourceFiscalDate TABLE,No db found
StagingToEDW_StagingToEDW_Fact_CenterManagementRevenue,spHOR_BatchLoad_StagingToEDW_FactNetRevenue,INSERT INTO @SourceFiscalDate,No db found
StagingToEDW_StagingToEDW_Fact_CenterManagementRevenue,spHOR_BatchLoad_StagingToEDW_FactNetRevenue,FROM dbo.finGeneralLedger,dbo
StagingToEDW_StagingToEDW_Fact_CenterManagementRevenue,spHOR_BatchLoad_StagingToEDW_FactNetRevenue,INSERT INTO @BatchByFiscalWeekEndDate,No db found
StagingToEDW_StagingToEDW_Fact_CenterManagementRevenue,spHOR_BatchLoad_StagingToEDW_FactNetRevenue,FROM BING_EDW.dbo.DimDate,BING_EDW
StagingToEDW_StagingToEDW_Fact_CenterManagementRevenue,spHOR_BatchLoad_StagingToEDW_FactNetRevenue,JOIN ,No db found
StagingToEDW_StagingToEDW_Fact_CenterManagementRevenue,spHOR_BatchLoad_StagingToEDW_FactNetRevenue,DECLARE csr_fact_nrevenue_hor_fisc_weekend CURSOR,No db found
StagingToEDW_StagingToEDW_Fact_CenterManagementRevenue,spHOR_BatchLoad_StagingToEDW_FactNetRevenue,FROM @BatchByFiscalWeekEndDate,No db found
StagingToEDW_StagingToEDW_Fact_CenterManagementRevenue,spHOR_BatchLoad_StagingToEDW_FactNetRevenue,FROM csr_fact_nrevenue_hor_fisc_weekend INTO @FiscalWeekEndDate,No db found
StagingToEDW_StagingToEDW_Fact_CenterManagementRevenue,spHOR_BatchLoad_StagingToEDW_FactNetRevenue,from all the batch loads for this table,No db found
StagingToEDW_StagingToEDW_Fact_CenterManagementRevenue,spHOR_BatchLoad_StagingToEDW_FactNetRevenue,FROM BING_EDW.dbo.EDWBatchLoadLog,BING_EDW
StagingToEDW_StagingToEDW_Fact_CenterManagementRevenue,spHOR_BatchLoad_StagingToEDW_FactNetRevenue,DECLARE @ErrMsg NVARCHAR,No db found
StagingToEDW_StagingToEDW_Fact_FTESnapshot,spCambridge_BatchLoad_StagingToEDW_FactFTESnapshot,from Staging to BING_EDW,No db found
StagingToEDW_StagingToEDW_Fact_FTESnapshot,spCambridge_BatchLoad_StagingToEDW_FactFTESnapshot,DECLARE @ProcName NVARCHAR,No db found
StagingToEDW_StagingToEDW_Fact_FTESnapshot,spCambridge_BatchLoad_StagingToEDW_FactFTESnapshot,DECLARE @DebugMsg NVARCHAR,No db found
StagingToEDW_StagingToEDW_Fact_FTESnapshot,spCambridge_BatchLoad_StagingToEDW_FactFTESnapshot,DECLARE @TaskName VARCHAR,No db found
StagingToEDW_StagingToEDW_Fact_FTESnapshot,spCambridge_BatchLoad_StagingToEDW_FactFTESnapshot,DECLARE @SourceName SYSNAME ,No db found
StagingToEDW_StagingToEDW_Fact_FTESnapshot,spCambridge_BatchLoad_StagingToEDW_FactFTESnapshot,DECLARE @IsOverrideBatch BIT,No db found
StagingToEDW_StagingToEDW_Fact_FTESnapshot,spCambridge_BatchLoad_StagingToEDW_FactFTESnapshot,DECLARE @RowCount INT,No db found
StagingToEDW_StagingToEDW_Fact_FTESnapshot,spCambridge_BatchLoad_StagingToEDW_FactFTESnapshot,DECLARE @Error INT,No db found
StagingToEDW_StagingToEDW_Fact_FTESnapshot,spCambridge_BatchLoad_StagingToEDW_FactFTESnapshot,DECLARE @AuditId BIGINT,No db found
StagingToEDW_StagingToEDW_Fact_FTESnapshot,spCambridge_BatchLoad_StagingToEDW_FactFTESnapshot,DECLARE @FiscalWeekNumber INT,No db found
StagingToEDW_StagingToEDW_Fact_FTESnapshot,spCambridge_BatchLoad_StagingToEDW_FactFTESnapshot,DECLARE @SourceCount INT,No db found
StagingToEDW_StagingToEDW_Fact_FTESnapshot,spCambridge_BatchLoad_StagingToEDW_FactFTESnapshot,DECLARE @InsertCount INT,No db found
StagingToEDW_StagingToEDW_Fact_FTESnapshot,spCambridge_BatchLoad_StagingToEDW_FactFTESnapshot,DECLARE @UpdateCount INT,No db found
StagingToEDW_StagingToEDW_Fact_FTESnapshot,spCambridge_BatchLoad_StagingToEDW_FactFTESnapshot,DECLARE @DeleteCount INT,No db found
StagingToEDW_StagingToEDW_Fact_FTESnapshot,spCambridge_BatchLoad_StagingToEDW_FactFTESnapshot,DECLARE @LastProcessedDate DATE,No db found
StagingToEDW_StagingToEDW_Fact_FTESnapshot,spCambridge_BatchLoad_StagingToEDW_FactFTESnapshot,FROM dbo.EDWETLBatchControl,dbo
StagingToEDW_StagingToEDW_Fact_FTESnapshot,spCambridge_BatchLoad_StagingToEDW_FactFTESnapshot,DECLARE @BatchByFiscalWeekNumber TABLE,No db found
StagingToEDW_StagingToEDW_Fact_FTESnapshot,spCambridge_BatchLoad_StagingToEDW_FactFTESnapshot,DECLARE @SourceFiscalWeekNumber TABLE,No db found
StagingToEDW_StagingToEDW_Fact_FTESnapshot,spCambridge_BatchLoad_StagingToEDW_FactFTESnapshot,INSERT INTO @SourceFiscalWeekNumber,No db found
StagingToEDW_StagingToEDW_Fact_FTESnapshot,spCambridge_BatchLoad_StagingToEDW_FactFTESnapshot,FROM dbo.CambridgeRevenue,dbo
StagingToEDW_StagingToEDW_Fact_FTESnapshot,spCambridge_BatchLoad_StagingToEDW_FactFTESnapshot,FROM BING_EDW.dbo.DimDate,BING_EDW
StagingToEDW_StagingToEDW_Fact_FTESnapshot,spCambridge_BatchLoad_StagingToEDW_FactFTESnapshot,JOIN ,No db found
StagingToEDW_StagingToEDW_Fact_FTESnapshot,spCambridge_BatchLoad_StagingToEDW_FactFTESnapshot,DECLARE pro_fact_ftesnapshot_fisc_week_no CURSOR,No db found
StagingToEDW_StagingToEDW_Fact_FTESnapshot,spCambridge_BatchLoad_StagingToEDW_FactFTESnapshot,FROM pro_fact_ftesnapshot_fisc_week_no INTO @FiscalWeekNumber,No db found
StagingToEDW_StagingToEDW_Fact_FTESnapshot,spCambridge_BatchLoad_StagingToEDW_FactFTESnapshot,from all the batch loads for this table,No db found
StagingToEDW_StagingToEDW_Fact_FTESnapshot,spCambridge_BatchLoad_StagingToEDW_FactFTESnapshot,FROM BING_EDW.dbo.EDWBatchLoadLog,BING_EDW
StagingToEDW_StagingToEDW_Fact_FTESnapshot,spCambridge_BatchLoad_StagingToEDW_FactFTESnapshot,UPDATE [BING_EDW].[dbo].[EDWBatchOverride],[BING_EDW]
StagingToEDW_StagingToEDW_Fact_FTESnapshot,spCambridge_BatchLoad_StagingToEDW_FactFTESnapshot,DECLARE @ErrMsg NVARCHAR,No db found
StagingToEDW_StagingToEDW_Fact_FTESnapshot,spCMS_BatchLoad_StagingToEDW_FactFTESnapshot,from Staging to BING_EDW,No db found
StagingToEDW_StagingToEDW_Fact_FTESnapshot,spCMS_BatchLoad_StagingToEDW_FactFTESnapshot,from the LastProcessedDate,No db found
StagingToEDW_StagingToEDW_Fact_FTESnapshot,spCMS_BatchLoad_StagingToEDW_FactFTESnapshot,from UAT,No db found
StagingToEDW_StagingToEDW_Fact_FTESnapshot,spCMS_BatchLoad_StagingToEDW_FactFTESnapshot,DECLARE @ProcName NVARCHAR,No db found
StagingToEDW_StagingToEDW_Fact_FTESnapshot,spCMS_BatchLoad_StagingToEDW_FactFTESnapshot,DECLARE @DebugMsg NVARCHAR,No db found
StagingToEDW_StagingToEDW_Fact_FTESnapshot,spCMS_BatchLoad_StagingToEDW_FactFTESnapshot,DECLARE @TaskName VARCHAR,No db found
StagingToEDW_StagingToEDW_Fact_FTESnapshot,spCMS_BatchLoad_StagingToEDW_FactFTESnapshot,DECLARE @SourceName SYSNAME ,No db found
StagingToEDW_StagingToEDW_Fact_FTESnapshot,spCMS_BatchLoad_StagingToEDW_FactFTESnapshot,DECLARE @IsOverrideBatch BIT,No db found
StagingToEDW_StagingToEDW_Fact_FTESnapshot,spCMS_BatchLoad_StagingToEDW_FactFTESnapshot,DECLARE @RowCount INT,No db found
StagingToEDW_StagingToEDW_Fact_FTESnapshot,spCMS_BatchLoad_StagingToEDW_FactFTESnapshot,DECLARE @Error INT,No db found
StagingToEDW_StagingToEDW_Fact_FTESnapshot,spCMS_BatchLoad_StagingToEDW_FactFTESnapshot,DECLARE @AuditId BIGINT,No db found
StagingToEDW_StagingToEDW_Fact_FTESnapshot,spCMS_BatchLoad_StagingToEDW_FactFTESnapshot,DECLARE @FiscalDate DATE,No db found
StagingToEDW_StagingToEDW_Fact_FTESnapshot,spCMS_BatchLoad_StagingToEDW_FactFTESnapshot,DECLARE @SourceCount INT ,No db found
StagingToEDW_StagingToEDW_Fact_FTESnapshot,spCMS_BatchLoad_StagingToEDW_FactFTESnapshot,DECLARE @InsertCount INT ,No db found
StagingToEDW_StagingToEDW_Fact_FTESnapshot,spCMS_BatchLoad_StagingToEDW_FactFTESnapshot,DECLARE @UpdateCount INT ,No db found
StagingToEDW_StagingToEDW_Fact_FTESnapshot,spCMS_BatchLoad_StagingToEDW_FactFTESnapshot,DECLARE @DeleteCount INT ,No db found
StagingToEDW_StagingToEDW_Fact_FTESnapshot,spCMS_BatchLoad_StagingToEDW_FactFTESnapshot,DECLARE @LastProcessedDate DATETIME,No db found
StagingToEDW_StagingToEDW_Fact_FTESnapshot,spCMS_BatchLoad_StagingToEDW_FactFTESnapshot,FROM dbo.EDWETLBatchControl ,dbo
StagingToEDW_StagingToEDW_Fact_FTESnapshot,spCMS_BatchLoad_StagingToEDW_FactFTESnapshot,from CMS,No db found
StagingToEDW_StagingToEDW_Fact_FTESnapshot,spCMS_BatchLoad_StagingToEDW_FactFTESnapshot,DECLARE @BatchByFiscalDate TABLE,No db found
StagingToEDW_StagingToEDW_Fact_FTESnapshot,spCMS_BatchLoad_StagingToEDW_FactFTESnapshot,DECLARE @CMSStartDate DATE ,No db found
StagingToEDW_StagingToEDW_Fact_FTESnapshot,spCMS_BatchLoad_StagingToEDW_FactFTESnapshot,FROM dbo.enrlSession,dbo
StagingToEDW_StagingToEDW_Fact_FTESnapshot,spCMS_BatchLoad_StagingToEDW_FactFTESnapshot,FROM dbo.finStudentInvoice ,dbo
StagingToEDW_StagingToEDW_Fact_FTESnapshot,spCMS_BatchLoad_StagingToEDW_FactFTESnapshot,JOIN dbo.srvcatFees ,dbo
StagingToEDW_StagingToEDW_Fact_FTESnapshot,spCMS_BatchLoad_StagingToEDW_FactFTESnapshot,FROM BING_EDW.dbo.DimDate ,BING_EDW
StagingToEDW_StagingToEDW_Fact_FTESnapshot,spCMS_BatchLoad_StagingToEDW_FactFTESnapshot,FROM dbo.enrlSession ,dbo
StagingToEDW_StagingToEDW_Fact_FTESnapshot,spCMS_BatchLoad_StagingToEDW_FactFTESnapshot,JOIN dbo.enrlScheduleDay ,dbo
StagingToEDW_StagingToEDW_Fact_FTESnapshot,spCMS_BatchLoad_StagingToEDW_FactFTESnapshot,JOIN BING_EDW.dbo.DimDate ,BING_EDW
StagingToEDW_StagingToEDW_Fact_FTESnapshot,spCMS_BatchLoad_StagingToEDW_FactFTESnapshot,JOIN dbo.enrlSessionSupportFTEInc,dbo
StagingToEDW_StagingToEDW_Fact_FTESnapshot,spCMS_BatchLoad_StagingToEDW_FactFTESnapshot,FROM BING_EDW..DimDate,BING_EDW
StagingToEDW_StagingToEDW_Fact_FTESnapshot,spCMS_BatchLoad_StagingToEDW_FactFTESnapshot,DECLARE cms_fact_ftesnapshot_fisc_date CURSOR FOR,No db found
StagingToEDW_StagingToEDW_Fact_FTESnapshot,spCMS_BatchLoad_StagingToEDW_FactFTESnapshot,FROM cms_fact_ftesnapshot_fisc_date,No db found
StagingToEDW_StagingToEDW_Fact_FTESnapshot,spCMS_BatchLoad_StagingToEDW_FactFTESnapshot,from all the batch loads for this table,No db found
StagingToEDW_StagingToEDW_Fact_FTESnapshot,spCMS_BatchLoad_StagingToEDW_FactFTESnapshot,FROM BING_EDW.dbo.EDWBatchLoadLog,BING_EDW
StagingToEDW_StagingToEDW_Fact_FTESnapshot,spCMS_BatchLoad_StagingToEDW_FactFTESnapshot,UPDATE [BING_EDW].[dbo].[EDWBatchOverride],[BING_EDW]
StagingToEDW_StagingToEDW_Fact_FTESnapshot,spCMS_BatchLoad_StagingToEDW_FactFTESnapshot,INSERT INTO dbo.enrlSessionSupportFTEInc,dbo
StagingToEDW_StagingToEDW_Fact_FTESnapshot,spCMS_BatchLoad_StagingToEDW_FactFTESnapshot,FROM CMS_Staging..enrlSession,CMS_Staging
StagingToEDW_StagingToEDW_Fact_FTESnapshot,spCMS_BatchLoad_StagingToEDW_FactFTESnapshot,DECLARE @ErrMsg NVARCHAR,No db found
StagingToEDW_StagingToEDW_Fact_FTESnapshot,spUpdateStatistics,FROM sys.objects,sys
StagingToEDW_StagingToEDW_Fact_FTESnapshot,spUpdateStatistics,DECLARE @ProcName NVARCHAR,No db found
StagingToEDW_StagingToEDW_Fact_FTESnapshot,spUpdateStatistics,DECLARE @DebugMsg NVARCHAR,No db found
StagingToEDW_StagingToEDW_Fact_FTESnapshot,spUpdateStatistics,DECLARE @TaskName VARCHAR,No db found
StagingToEDW_StagingToEDW_Fact_FTESnapshot,spUpdateStatistics,DECLARE @RowCount INT,No db found
StagingToEDW_StagingToEDW_Fact_FTESnapshot,spUpdateStatistics,DECLARE @Error INT,No db found
StagingToEDW_StagingToEDW_Fact_FTESnapshot,spUpdateStatistics,DECLARE @AuditId BIGINT,No db found
StagingToEDW_StagingToEDW_Fact_FTESnapshot,spUpdateStatistics,DECLARE @FiscalWeekNumber INT,No db found
StagingToEDW_StagingToEDW_Fact_FTESnapshot,spUpdateStatistics,DECLARE @SourceCount INT,No db found
StagingToEDW_StagingToEDW_Fact_FTESnapshot,spUpdateStatistics,DECLARE @InsertCount INT,No db found
StagingToEDW_StagingToEDW_Fact_FTESnapshot,spUpdateStatistics,DECLARE @UpdateCount INT,No db found
StagingToEDW_StagingToEDW_Fact_FTESnapshot,spUpdateStatistics,DECLARE @DeleteCount INT,No db found
StagingToEDW_StagingToEDW_Fact_FTESnapshot,spUpdateStatistics,DECLARE @UpdateStatsSQLCommand VARCHAR,No db found
StagingToEDW_StagingToEDW_Fact_FTESnapshot,spUpdateStatistics,DECLARE @UpdateStatsTable TABLE,No db found
StagingToEDW_StagingToEDW_Fact_FTESnapshot,spUpdateStatistics,Update Stats for each table in the database,No db found
StagingToEDW_StagingToEDW_Fact_FTESnapshot,spUpdateStatistics,INSERT INTO @UpdateStatsTable,No db found
StagingToEDW_StagingToEDW_Fact_FTESnapshot,spUpdateStatistics,UPDATE STATISTICS [dbo].[,[dbo]
StagingToEDW_StagingToEDW_Fact_FTESnapshot,spUpdateStatistics,FROM sysobjects,No db found
StagingToEDW_StagingToEDW_Fact_FTESnapshot,spUpdateStatistics,DECLARE csr_update_stats CURSOR,No db found
StagingToEDW_StagingToEDW_Fact_FTESnapshot,spUpdateStatistics,FROM @UpdateStatsTable,No db found
StagingToEDW_StagingToEDW_Fact_FTESnapshot,spUpdateStatistics,FROM csr_update_stats INTO @UpdateStatsSQLCommand,No db found
StagingToEDW_StagingToEDW_Fact_FTESnapshot,spUpdateStatistics,Update Stats command,No db found
StagingToEDW_StagingToEDW_Fact_FTESnapshot,spUpdateStatistics,DECLARE @ErrMsg NVARCHAR,No db found
StagingToEDW_StagingToEDW_Fact_GLBalancePlanAllocation,spMISC_BatchLoad_StagingToEDW_FactGLBalancePlanAllocation,from Staging to BING_EDW,No db found
StagingToEDW_StagingToEDW_Fact_GLBalancePlanAllocation,spMISC_BatchLoad_StagingToEDW_FactGLBalancePlanAllocation,from the LastProcessedDate,No db found
StagingToEDW_StagingToEDW_Fact_GLBalancePlanAllocation,spMISC_BatchLoad_StagingToEDW_FactGLBalancePlanAllocation,from WeeklyPlanAlloactio,No db found
StagingToEDW_StagingToEDW_Fact_GLBalancePlanAllocation,spMISC_BatchLoad_StagingToEDW_FactGLBalancePlanAllocation,DECLARE @ProcName NVARCHAR,No db found
StagingToEDW_StagingToEDW_Fact_GLBalancePlanAllocation,spMISC_BatchLoad_StagingToEDW_FactGLBalancePlanAllocation,DECLARE @DebugMsg NVARCHAR,No db found
StagingToEDW_StagingToEDW_Fact_GLBalancePlanAllocation,spMISC_BatchLoad_StagingToEDW_FactGLBalancePlanAllocation,DECLARE @TaskName VARCHAR,No db found
StagingToEDW_StagingToEDW_Fact_GLBalancePlanAllocation,spMISC_BatchLoad_StagingToEDW_FactGLBalancePlanAllocation,DECLARE @SourceName SYSNAME ,No db found
StagingToEDW_StagingToEDW_Fact_GLBalancePlanAllocation,spMISC_BatchLoad_StagingToEDW_FactGLBalancePlanAllocation,DECLARE @IsOverrideBatch BIT,No db found
StagingToEDW_StagingToEDW_Fact_GLBalancePlanAllocation,spMISC_BatchLoad_StagingToEDW_FactGLBalancePlanAllocation,DECLARE @RowCount INT,No db found
StagingToEDW_StagingToEDW_Fact_GLBalancePlanAllocation,spMISC_BatchLoad_StagingToEDW_FactGLBalancePlanAllocation,DECLARE @Error INT,No db found
StagingToEDW_StagingToEDW_Fact_GLBalancePlanAllocation,spMISC_BatchLoad_StagingToEDW_FactGLBalancePlanAllocation,DECLARE @AuditId BIGINT,No db found
StagingToEDW_StagingToEDW_Fact_GLBalancePlanAllocation,spMISC_BatchLoad_StagingToEDW_FactGLBalancePlanAllocation,DECLARE @FiscalPeriodNumber INT,No db found
StagingToEDW_StagingToEDW_Fact_GLBalancePlanAllocation,spMISC_BatchLoad_StagingToEDW_FactGLBalancePlanAllocation,DECLARE @SourceCount INT,No db found
StagingToEDW_StagingToEDW_Fact_GLBalancePlanAllocation,spMISC_BatchLoad_StagingToEDW_FactGLBalancePlanAllocation,DECLARE @InsertCount INT,No db found
StagingToEDW_StagingToEDW_Fact_GLBalancePlanAllocation,spMISC_BatchLoad_StagingToEDW_FactGLBalancePlanAllocation,DECLARE @UpdateCount INT,No db found
StagingToEDW_StagingToEDW_Fact_GLBalancePlanAllocation,spMISC_BatchLoad_StagingToEDW_FactGLBalancePlanAllocation,DECLARE @DeleteCount INT,No db found
StagingToEDW_StagingToEDW_Fact_GLBalancePlanAllocation,spMISC_BatchLoad_StagingToEDW_FactGLBalancePlanAllocation,DECLARE @LastProcessedDate DATE,No db found
StagingToEDW_StagingToEDW_Fact_GLBalancePlanAllocation,spMISC_BatchLoad_StagingToEDW_FactGLBalancePlanAllocation,FROM [MISC_Staging].[dbo].[EDWETLBatchControl] ,[MISC_Staging]
StagingToEDW_StagingToEDW_Fact_GLBalancePlanAllocation,spMISC_BatchLoad_StagingToEDW_FactGLBalancePlanAllocation,DECLARE @LastProcessedUTCDate DATETIME ,No db found
StagingToEDW_StagingToEDW_Fact_GLBalancePlanAllocation,spMISC_BatchLoad_StagingToEDW_FactGLBalancePlanAllocation,DECLARE @BatchByFiscalPeriodNumber TABLE,No db found
StagingToEDW_StagingToEDW_Fact_GLBalancePlanAllocation,spMISC_BatchLoad_StagingToEDW_FactGLBalancePlanAllocation,FROM GL_Staging.dbo.vGLBalances,GL_Staging
StagingToEDW_StagingToEDW_Fact_GLBalancePlanAllocation,spMISC_BatchLoad_StagingToEDW_FactGLBalancePlanAllocation,JOIN BING_EDW.dbo.DimDataScenario AS dm_ds ON dm_ds.GLActualFlag ,BING_EDW
StagingToEDW_StagingToEDW_Fact_GLBalancePlanAllocation,spMISC_BatchLoad_StagingToEDW_FactGLBalancePlanAllocation,FROM BING_EDW.dbo.vDimFiscalWeek AS dm_dt,BING_EDW
StagingToEDW_StagingToEDW_Fact_GLBalancePlanAllocation,spMISC_BatchLoad_StagingToEDW_FactGLBalancePlanAllocation,JOIN GL_Staging.dbo.vGLBalances,GL_Staging
StagingToEDW_StagingToEDW_Fact_GLBalancePlanAllocation,spMISC_BatchLoad_StagingToEDW_FactGLBalancePlanAllocation,JOIN [dbo].[WeeklyPlanAllocationCurrent],[dbo]
StagingToEDW_StagingToEDW_Fact_GLBalancePlanAllocation,spMISC_BatchLoad_StagingToEDW_FactGLBalancePlanAllocation,DECLARE csr_fact_glbal_plan_alloc_fisc_weekend CURSOR,No db found
StagingToEDW_StagingToEDW_Fact_GLBalancePlanAllocation,spMISC_BatchLoad_StagingToEDW_FactGLBalancePlanAllocation,FROM csr_fact_glbal_plan_alloc_fisc_weekend INTO @FiscalPeriodNumber,No db found
StagingToEDW_StagingToEDW_Fact_GLBalancePlanAllocation,spMISC_BatchLoad_StagingToEDW_FactGLBalancePlanAllocation,from all the batch loads for this table,No db found
StagingToEDW_StagingToEDW_Fact_GLBalancePlanAllocation,spMISC_BatchLoad_StagingToEDW_FactGLBalancePlanAllocation,FROM BING_EDW.dbo.EDWBatchLoadLog,BING_EDW
StagingToEDW_StagingToEDW_Fact_GLBalancePlanAllocation,spMISC_BatchLoad_StagingToEDW_FactGLBalancePlanAllocation,UPDATE [BING_EDW].[dbo].[EDWBatchOverride],[BING_EDW]
StagingToEDW_StagingToEDW_Fact_GLBalancePlanAllocation,spMISC_BatchLoad_StagingToEDW_FactGLBalancePlanAllocation,DECLARE @ErrMsg NVARCHAR,No db found
StagingToEDW_StagingToEDW_Fact_GLBalances,spGL_BatchLoad_StagingToEDW_FactGLBalance,from the LastProcessedDate ,No db found
StagingToEDW_StagingToEDW_Fact_GLBalances,spGL_BatchLoad_StagingToEDW_FactGLBalance,from GL Staging to BING_EDW,No db found
StagingToEDW_StagingToEDW_Fact_GLBalances,spGL_BatchLoad_StagingToEDW_FactGLBalance,DECLARE @ProcName NVARCHAR,No db found
StagingToEDW_StagingToEDW_Fact_GLBalances,spGL_BatchLoad_StagingToEDW_FactGLBalance,DECLARE @DebugMsg NVARCHAR,No db found
StagingToEDW_StagingToEDW_Fact_GLBalances,spGL_BatchLoad_StagingToEDW_FactGLBalance,DECLARE @TaskName VARCHAR,No db found
StagingToEDW_StagingToEDW_Fact_GLBalances,spGL_BatchLoad_StagingToEDW_FactGLBalance,DECLARE @SourceName SYSNAME ,No db found
StagingToEDW_StagingToEDW_Fact_GLBalances,spGL_BatchLoad_StagingToEDW_FactGLBalance,DECLARE @IsOverrideBatch BIT,No db found
StagingToEDW_StagingToEDW_Fact_GLBalances,spGL_BatchLoad_StagingToEDW_FactGLBalance,DECLARE @RowCount INT,No db found
StagingToEDW_StagingToEDW_Fact_GLBalances,spGL_BatchLoad_StagingToEDW_FactGLBalance,DECLARE @Error INT,No db found
StagingToEDW_StagingToEDW_Fact_GLBalances,spGL_BatchLoad_StagingToEDW_FactGLBalance,DECLARE @AuditId BIGINT,No db found
StagingToEDW_StagingToEDW_Fact_GLBalances,spGL_BatchLoad_StagingToEDW_FactGLBalance,DECLARE @FiscalPeriodNumber INT,No db found
StagingToEDW_StagingToEDW_Fact_GLBalances,spGL_BatchLoad_StagingToEDW_FactGLBalance,DECLARE @SourceCount INT,No db found
StagingToEDW_StagingToEDW_Fact_GLBalances,spGL_BatchLoad_StagingToEDW_FactGLBalance,DECLARE @InsertCount INT,No db found
StagingToEDW_StagingToEDW_Fact_GLBalances,spGL_BatchLoad_StagingToEDW_FactGLBalance,DECLARE @UpdateCount INT,No db found
StagingToEDW_StagingToEDW_Fact_GLBalances,spGL_BatchLoad_StagingToEDW_FactGLBalance,DECLARE @DeleteCount INT,No db found
StagingToEDW_StagingToEDW_Fact_GLBalances,spGL_BatchLoad_StagingToEDW_FactGLBalance,DECLARE @LastProcessedDate DATE,No db found
StagingToEDW_StagingToEDW_Fact_GLBalances,spGL_BatchLoad_StagingToEDW_FactGLBalance,FROM GL_Staging..EDWETLBatchControl,GL_Staging
StagingToEDW_StagingToEDW_Fact_GLBalances,spGL_BatchLoad_StagingToEDW_FactGLBalance,DECLARE @StartingFiscalPeriodNumber INT,No db found
StagingToEDW_StagingToEDW_Fact_GLBalances,spGL_BatchLoad_StagingToEDW_FactGLBalance,FROM BING_EDW..vDimFiscalPeriod,BING_EDW
StagingToEDW_StagingToEDW_Fact_GLBalances,spGL_BatchLoad_StagingToEDW_FactGLBalance,FROM vGLBalances,No db found
StagingToEDW_StagingToEDW_Fact_GLBalances,spGL_BatchLoad_StagingToEDW_FactGLBalance,DECLARE csr_fact_Balance_GL_fisc_PeriodNumber CURSOR,No db found
StagingToEDW_StagingToEDW_Fact_GLBalances,spGL_BatchLoad_StagingToEDW_FactGLBalance,FROM csr_fact_Balance_GL_fisc_PeriodNumber INTO @FiscalPeriodNumber,No db found
StagingToEDW_StagingToEDW_Fact_GLBalances,spGL_BatchLoad_StagingToEDW_FactGLBalance,from all the batch loads for this table,No db found
StagingToEDW_StagingToEDW_Fact_GLBalances,spGL_BatchLoad_StagingToEDW_FactGLBalance,FROM BING_EDW.dbo.EDWBatchLoadLog,BING_EDW
StagingToEDW_StagingToEDW_Fact_GLBalances,spGL_BatchLoad_StagingToEDW_FactGLBalance,UPDATE [BING_EDW].[dbo].[EDWBatchOverride],[BING_EDW]
StagingToEDW_StagingToEDW_Fact_GLBalances,spGL_BatchLoad_StagingToEDW_FactGLBalance,DECLARE @ErrMsg NVARCHAR,No db found
StagingToEDW_StagingToEDW_Fact_GLBalances,spUpdateStatistics,FROM sys.objects,sys
StagingToEDW_StagingToEDW_Fact_GLBalances,spUpdateStatistics,DECLARE @ProcName NVARCHAR,No db found
StagingToEDW_StagingToEDW_Fact_GLBalances,spUpdateStatistics,DECLARE @DebugMsg NVARCHAR,No db found
StagingToEDW_StagingToEDW_Fact_GLBalances,spUpdateStatistics,DECLARE @TaskName VARCHAR,No db found
StagingToEDW_StagingToEDW_Fact_GLBalances,spUpdateStatistics,DECLARE @RowCount INT,No db found
StagingToEDW_StagingToEDW_Fact_GLBalances,spUpdateStatistics,DECLARE @Error INT,No db found
StagingToEDW_StagingToEDW_Fact_GLBalances,spUpdateStatistics,DECLARE @AuditId BIGINT,No db found
StagingToEDW_StagingToEDW_Fact_GLBalances,spUpdateStatistics,DECLARE @FiscalWeekNumber INT,No db found
StagingToEDW_StagingToEDW_Fact_GLBalances,spUpdateStatistics,DECLARE @SourceCount INT,No db found
StagingToEDW_StagingToEDW_Fact_GLBalances,spUpdateStatistics,DECLARE @InsertCount INT,No db found
StagingToEDW_StagingToEDW_Fact_GLBalances,spUpdateStatistics,DECLARE @UpdateCount INT,No db found
StagingToEDW_StagingToEDW_Fact_GLBalances,spUpdateStatistics,DECLARE @DeleteCount INT,No db found
StagingToEDW_StagingToEDW_Fact_GLBalances,spUpdateStatistics,DECLARE @UpdateStatsSQLCommand VARCHAR,No db found
StagingToEDW_StagingToEDW_Fact_GLBalances,spUpdateStatistics,DECLARE @UpdateStatsTable TABLE,No db found
StagingToEDW_StagingToEDW_Fact_GLBalances,spUpdateStatistics,Update Stats for each table in the database,No db found
StagingToEDW_StagingToEDW_Fact_GLBalances,spUpdateStatistics,INSERT INTO @UpdateStatsTable,No db found
StagingToEDW_StagingToEDW_Fact_GLBalances,spUpdateStatistics,UPDATE STATISTICS [dbo].[,[dbo]
StagingToEDW_StagingToEDW_Fact_GLBalances,spUpdateStatistics,FROM sysobjects,No db found
StagingToEDW_StagingToEDW_Fact_GLBalances,spUpdateStatistics,DECLARE csr_update_stats CURSOR,No db found
StagingToEDW_StagingToEDW_Fact_GLBalances,spUpdateStatistics,FROM @UpdateStatsTable,No db found
StagingToEDW_StagingToEDW_Fact_GLBalances,spUpdateStatistics,FROM csr_update_stats INTO @UpdateStatsSQLCommand,No db found
StagingToEDW_StagingToEDW_Fact_GLBalances,spUpdateStatistics,Update Stats command,No db found
StagingToEDW_StagingToEDW_Fact_GLBalances,spUpdateStatistics,DECLARE @ErrMsg NVARCHAR,No db found
StagingToEDW_StagingToEDW_Fact_HREmployee,spHR_StagingToEDW_FactEmployeeAssessment,from Staging to BING_EDW.,BING_EDW
StagingToEDW_StagingToEDW_Fact_HREmployee,spHR_StagingToEDW_FactEmployeeAssessment,DECLARE @ProcName NVARCHAR,No db found
StagingToEDW_StagingToEDW_Fact_HREmployee,spHR_StagingToEDW_FactEmployeeAssessment,DECLARE @DebugMsg NVARCHAR,No db found
StagingToEDW_StagingToEDW_Fact_HREmployee,spHR_StagingToEDW_FactEmployeeAssessment,DECLARE @SourceName VARCHAR,No db found
StagingToEDW_StagingToEDW_Fact_HREmployee,spHR_StagingToEDW_FactEmployeeAssessment,DECLARE @AuditId BIGINT,No db found
StagingToEDW_StagingToEDW_Fact_HREmployee,spHR_StagingToEDW_FactEmployeeAssessment,DECLARE @RowCount INT,No db found
StagingToEDW_StagingToEDW_Fact_HREmployee,spHR_StagingToEDW_FactEmployeeAssessment,DECLARE @Error INT,No db found
StagingToEDW_StagingToEDW_Fact_HREmployee,spHR_StagingToEDW_FactEmployeeAssessment,DECLARE @SourceCount INT,No db found
StagingToEDW_StagingToEDW_Fact_HREmployee,spHR_StagingToEDW_FactEmployeeAssessment,DECLARE @InsertCount INT,No db found
StagingToEDW_StagingToEDW_Fact_HREmployee,spHR_StagingToEDW_FactEmployeeAssessment,DECLARE @UpdateCount INT,No db found
StagingToEDW_StagingToEDW_Fact_HREmployee,spHR_StagingToEDW_FactEmployeeAssessment,DECLARE @DeleteCount INT,No db found
StagingToEDW_StagingToEDW_Fact_HREmployee,spHR_StagingToEDW_FactEmployeeAssessment,from Source,No db found
StagingToEDW_StagingToEDW_Fact_HREmployee,spHR_StagingToEDW_FactEmployeeAssessment,from source ,No db found
StagingToEDW_StagingToEDW_Fact_HREmployee,spHR_StagingToEDW_FactEmployeeAssessment,FROM vAssessments,No db found
StagingToEDW_StagingToEDW_Fact_HREmployee,spHR_StagingToEDW_FactEmployeeAssessment,from Source.,Source
StagingToEDW_StagingToEDW_Fact_HREmployee,spHR_StagingToEDW_FactEmployeeAssessment,FROM BING_EDW.dbo.FactEmployeeAssessment,BING_EDW
StagingToEDW_StagingToEDW_Fact_HREmployee,spHR_StagingToEDW_FactEmployeeAssessment,from Target.,Target
StagingToEDW_StagingToEDW_Fact_HREmployee,spHR_StagingToEDW_FactEmployeeAssessment,update or merge ,No db found
StagingToEDW_StagingToEDW_Fact_HREmployee,spHR_StagingToEDW_FactEmployeeAssessment,INSERT INTO BING_EDW.dbo.FactEmployeeAssessment,BING_EDW
StagingToEDW_StagingToEDW_Fact_HREmployee,spHR_StagingToEDW_FactEmployeeAssessment,DECLARE @ErrMsg NVARCHAR,No db found
StagingToEDW_StagingToEDW_Fact_HREmployee,spHR_StagingToEDW_FactEmployeeAssignment,from Staging to BING_EDW.,BING_EDW
StagingToEDW_StagingToEDW_Fact_HREmployee,spHR_StagingToEDW_FactEmployeeAssignment,DECLARE @ProcName NVARCHAR,No db found
StagingToEDW_StagingToEDW_Fact_HREmployee,spHR_StagingToEDW_FactEmployeeAssignment,DECLARE @DebugMsg NVARCHAR,No db found
StagingToEDW_StagingToEDW_Fact_HREmployee,spHR_StagingToEDW_FactEmployeeAssignment,DECLARE @SourceName VARCHAR,No db found
StagingToEDW_StagingToEDW_Fact_HREmployee,spHR_StagingToEDW_FactEmployeeAssignment,DECLARE @AuditId BIGINT,No db found
StagingToEDW_StagingToEDW_Fact_HREmployee,spHR_StagingToEDW_FactEmployeeAssignment,DECLARE @RowCount INT,No db found
StagingToEDW_StagingToEDW_Fact_HREmployee,spHR_StagingToEDW_FactEmployeeAssignment,DECLARE @Error INT,No db found
StagingToEDW_StagingToEDW_Fact_HREmployee,spHR_StagingToEDW_FactEmployeeAssignment,DECLARE @SourceCount INT,No db found
StagingToEDW_StagingToEDW_Fact_HREmployee,spHR_StagingToEDW_FactEmployeeAssignment,DECLARE @InsertCount INT,No db found
StagingToEDW_StagingToEDW_Fact_HREmployee,spHR_StagingToEDW_FactEmployeeAssignment,DECLARE @UpdateCount INT,No db found
StagingToEDW_StagingToEDW_Fact_HREmployee,spHR_StagingToEDW_FactEmployeeAssignment,DECLARE @DeleteCount INT,No db found
StagingToEDW_StagingToEDW_Fact_HREmployee,spHR_StagingToEDW_FactEmployeeAssignment,from Source,No db found
StagingToEDW_StagingToEDW_Fact_HREmployee,spHR_StagingToEDW_FactEmployeeAssignment,from source ,No db found
StagingToEDW_StagingToEDW_Fact_HREmployee,spHR_StagingToEDW_FactEmployeeAssignment,FROM vAssignments,No db found
StagingToEDW_StagingToEDW_Fact_HREmployee,spHR_StagingToEDW_FactEmployeeAssignment,from Source.,Source
StagingToEDW_StagingToEDW_Fact_HREmployee,spHR_StagingToEDW_FactEmployeeAssignment,FROM BING_EDW.dbo.FactEmployeeAssignment,BING_EDW
StagingToEDW_StagingToEDW_Fact_HREmployee,spHR_StagingToEDW_FactEmployeeAssignment,from Target.,Target
StagingToEDW_StagingToEDW_Fact_HREmployee,spHR_StagingToEDW_FactEmployeeAssignment,update or merge ,No db found
StagingToEDW_StagingToEDW_Fact_HREmployee,spHR_StagingToEDW_FactEmployeeAssignment,INSERT INTO BING_EDW.dbo.FactEmployeeAssignment,BING_EDW
StagingToEDW_StagingToEDW_Fact_HREmployee,spHR_StagingToEDW_FactEmployeeAssignment,DECLARE @ErrMsg NVARCHAR,No db found
StagingToEDW_StagingToEDW_Fact_HREmployee,spHR_StagingToEDW_FactEmployeeCompliance,FROM sys.objects,sys
StagingToEDW_StagingToEDW_Fact_HREmployee,spHR_StagingToEDW_FactEmployeeCompliance,Update ETL process for,No db found
StagingToEDW_StagingToEDW_Fact_HREmployee,spHR_StagingToEDW_FactEmployeeCompliance,from Staging to BING_EDW.,BING_EDW
StagingToEDW_StagingToEDW_Fact_HREmployee,spHR_StagingToEDW_FactEmployeeCompliance,from Source by calling,No db found
StagingToEDW_StagingToEDW_Fact_HREmployee,spHR_StagingToEDW_FactEmployeeCompliance,Update counts to caller,No db found
StagingToEDW_StagingToEDW_Fact_HREmployee,spHR_StagingToEDW_FactEmployeeCompliance,from source,No db found
StagingToEDW_StagingToEDW_Fact_HREmployee,spHR_StagingToEDW_FactEmployeeCompliance,DECLARE @ProcName NVARCHAR,No db found
StagingToEDW_StagingToEDW_Fact_HREmployee,spHR_StagingToEDW_FactEmployeeCompliance,DECLARE @DebugMsg NVARCHAR,No db found
StagingToEDW_StagingToEDW_Fact_HREmployee,spHR_StagingToEDW_FactEmployeeCompliance,DECLARE @SourceName VARCHAR,No db found
StagingToEDW_StagingToEDW_Fact_HREmployee,spHR_StagingToEDW_FactEmployeeCompliance,DECLARE @AuditId BIGINT,No db found
StagingToEDW_StagingToEDW_Fact_HREmployee,spHR_StagingToEDW_FactEmployeeCompliance,DECLARE @RowCount INT,No db found
StagingToEDW_StagingToEDW_Fact_HREmployee,spHR_StagingToEDW_FactEmployeeCompliance,DECLARE @Error INT,No db found
StagingToEDW_StagingToEDW_Fact_HREmployee,spHR_StagingToEDW_FactEmployeeCompliance,DECLARE @SourceCount INT,No db found
StagingToEDW_StagingToEDW_Fact_HREmployee,spHR_StagingToEDW_FactEmployeeCompliance,DECLARE @InsertCount INT,No db found
StagingToEDW_StagingToEDW_Fact_HREmployee,spHR_StagingToEDW_FactEmployeeCompliance,DECLARE @UpdateCount INT,No db found
StagingToEDW_StagingToEDW_Fact_HREmployee,spHR_StagingToEDW_FactEmployeeCompliance,DECLARE @DeleteCount INT,No db found
StagingToEDW_StagingToEDW_Fact_HREmployee,spHR_StagingToEDW_FactEmployeeCompliance,DECLARE @tblMergeActions TABLE,No db found
StagingToEDW_StagingToEDW_Fact_HREmployee,spHR_StagingToEDW_FactEmployeeCompliance,FROM Source,No db found
StagingToEDW_StagingToEDW_Fact_HREmployee,spHR_StagingToEDW_FactEmployeeCompliance,FROM source ,No db found
StagingToEDW_StagingToEDW_Fact_HREmployee,spHR_StagingToEDW_FactEmployeeCompliance,FROM Source.,Source
StagingToEDW_StagingToEDW_Fact_HREmployee,spHR_StagingToEDW_FactEmployeeCompliance,UPDATE SET,No db found
StagingToEDW_StagingToEDW_Fact_HREmployee,spHR_StagingToEDW_FactEmployeeCompliance,FROM @tblMergeActions,No db found
StagingToEDW_StagingToEDW_Fact_HREmployee,spHR_StagingToEDW_FactEmployeeCompliance,FROM into Target.,Target
StagingToEDW_StagingToEDW_Fact_HREmployee,spHR_StagingToEDW_FactEmployeeCompliance,DECLARE @ErrMsg NVARCHAR,No db found
StagingToEDW_StagingToEDW_Fact_HREmployee,spHR_StagingToEDW_FactEmployeeLeave,from Staging to BING_EDW.,BING_EDW
StagingToEDW_StagingToEDW_Fact_HREmployee,spHR_StagingToEDW_FactEmployeeLeave,DECLARE @ProcName NVARCHAR,No db found
StagingToEDW_StagingToEDW_Fact_HREmployee,spHR_StagingToEDW_FactEmployeeLeave,DECLARE @DebugMsg NVARCHAR,No db found
StagingToEDW_StagingToEDW_Fact_HREmployee,spHR_StagingToEDW_FactEmployeeLeave,DECLARE @SourceName VARCHAR,No db found
StagingToEDW_StagingToEDW_Fact_HREmployee,spHR_StagingToEDW_FactEmployeeLeave,DECLARE @AuditId BIGINT,No db found
StagingToEDW_StagingToEDW_Fact_HREmployee,spHR_StagingToEDW_FactEmployeeLeave,DECLARE @RowCount INT,No db found
StagingToEDW_StagingToEDW_Fact_HREmployee,spHR_StagingToEDW_FactEmployeeLeave,DECLARE @Error INT,No db found
StagingToEDW_StagingToEDW_Fact_HREmployee,spHR_StagingToEDW_FactEmployeeLeave,DECLARE @SourceCount INT,No db found
StagingToEDW_StagingToEDW_Fact_HREmployee,spHR_StagingToEDW_FactEmployeeLeave,DECLARE @InsertCount INT,No db found
StagingToEDW_StagingToEDW_Fact_HREmployee,spHR_StagingToEDW_FactEmployeeLeave,DECLARE @UpdateCount INT,No db found
StagingToEDW_StagingToEDW_Fact_HREmployee,spHR_StagingToEDW_FactEmployeeLeave,DECLARE @DeleteCount INT,No db found
StagingToEDW_StagingToEDW_Fact_HREmployee,spHR_StagingToEDW_FactEmployeeLeave,from Source,No db found
StagingToEDW_StagingToEDW_Fact_HREmployee,spHR_StagingToEDW_FactEmployeeLeave,from source ,No db found
StagingToEDW_StagingToEDW_Fact_HREmployee,spHR_StagingToEDW_FactEmployeeLeave,FROM vLeaves,No db found
StagingToEDW_StagingToEDW_Fact_HREmployee,spHR_StagingToEDW_FactEmployeeLeave,from Source.,Source
StagingToEDW_StagingToEDW_Fact_HREmployee,spHR_StagingToEDW_FactEmployeeLeave,FROM BING_EDW.dbo.FactEmployeeLeave,BING_EDW
StagingToEDW_StagingToEDW_Fact_HREmployee,spHR_StagingToEDW_FactEmployeeLeave,from Target.,Target
StagingToEDW_StagingToEDW_Fact_HREmployee,spHR_StagingToEDW_FactEmployeeLeave,update or merge ,No db found
StagingToEDW_StagingToEDW_Fact_HREmployee,spHR_StagingToEDW_FactEmployeeLeave,INSERT INTO BING_EDW.dbo.FactEmployeeLeave,BING_EDW
StagingToEDW_StagingToEDW_Fact_HREmployee,spHR_StagingToEDW_FactEmployeeLeave,DECLARE @ErrMsg NVARCHAR,No db found
StagingToEDW_StagingToEDW_Fact_HREmployee,spHR_StagingToEDW_FactEmployeePayRate,from Staging to BING_EDW.,BING_EDW
StagingToEDW_StagingToEDW_Fact_HREmployee,spHR_StagingToEDW_FactEmployeePayRate,DECLARE @ProcName NVARCHAR,No db found
StagingToEDW_StagingToEDW_Fact_HREmployee,spHR_StagingToEDW_FactEmployeePayRate,DECLARE @DebugMsg NVARCHAR,No db found
StagingToEDW_StagingToEDW_Fact_HREmployee,spHR_StagingToEDW_FactEmployeePayRate,DECLARE @SourceName VARCHAR,No db found
StagingToEDW_StagingToEDW_Fact_HREmployee,spHR_StagingToEDW_FactEmployeePayRate,DECLARE @AuditId BIGINT,No db found
StagingToEDW_StagingToEDW_Fact_HREmployee,spHR_StagingToEDW_FactEmployeePayRate,DECLARE @RowCount INT,No db found
StagingToEDW_StagingToEDW_Fact_HREmployee,spHR_StagingToEDW_FactEmployeePayRate,DECLARE @Error INT,No db found
StagingToEDW_StagingToEDW_Fact_HREmployee,spHR_StagingToEDW_FactEmployeePayRate,DECLARE @SourceCount INT,No db found
StagingToEDW_StagingToEDW_Fact_HREmployee,spHR_StagingToEDW_FactEmployeePayRate,DECLARE @InsertCount INT,No db found
StagingToEDW_StagingToEDW_Fact_HREmployee,spHR_StagingToEDW_FactEmployeePayRate,DECLARE @UpdateCount INT,No db found
StagingToEDW_StagingToEDW_Fact_HREmployee,spHR_StagingToEDW_FactEmployeePayRate,DECLARE @DeleteCount INT,No db found
StagingToEDW_StagingToEDW_Fact_HREmployee,spHR_StagingToEDW_FactEmployeePayRate,from Source,No db found
StagingToEDW_StagingToEDW_Fact_HREmployee,spHR_StagingToEDW_FactEmployeePayRate,from source ,No db found
StagingToEDW_StagingToEDW_Fact_HREmployee,spHR_StagingToEDW_FactEmployeePayRate,FROM vPayRates,No db found
StagingToEDW_StagingToEDW_Fact_HREmployee,spHR_StagingToEDW_FactEmployeePayRate,from Source.,Source
StagingToEDW_StagingToEDW_Fact_HREmployee,spHR_StagingToEDW_FactEmployeePayRate,FROM BING_EDW.dbo.FactEmployeePayRate,BING_EDW
StagingToEDW_StagingToEDW_Fact_HREmployee,spHR_StagingToEDW_FactEmployeePayRate,from Target.,Target
StagingToEDW_StagingToEDW_Fact_HREmployee,spHR_StagingToEDW_FactEmployeePayRate,update or merge ,No db found
StagingToEDW_StagingToEDW_Fact_HREmployee,spHR_StagingToEDW_FactEmployeePayRate,INSERT INTO BING_EDW.dbo.FactEmployeePayRate,BING_EDW
StagingToEDW_StagingToEDW_Fact_HREmployee,spHR_StagingToEDW_FactEmployeePayRate,DECLARE @ErrMsg NVARCHAR,No db found
StagingToEDW_StagingToEDW_Fact_HREmployee,spHR_StagingToEDW_FactEmployeePerformance,from Staging to BING_EDW.,BING_EDW
StagingToEDW_StagingToEDW_Fact_HREmployee,spHR_StagingToEDW_FactEmployeePerformance,DECLARE @ProcName NVARCHAR,No db found
StagingToEDW_StagingToEDW_Fact_HREmployee,spHR_StagingToEDW_FactEmployeePerformance,DECLARE @DebugMsg NVARCHAR,No db found
StagingToEDW_StagingToEDW_Fact_HREmployee,spHR_StagingToEDW_FactEmployeePerformance,DECLARE @SourceName VARCHAR,No db found
StagingToEDW_StagingToEDW_Fact_HREmployee,spHR_StagingToEDW_FactEmployeePerformance,DECLARE @AuditId BIGINT,No db found
StagingToEDW_StagingToEDW_Fact_HREmployee,spHR_StagingToEDW_FactEmployeePerformance,DECLARE @RowCount INT,No db found
StagingToEDW_StagingToEDW_Fact_HREmployee,spHR_StagingToEDW_FactEmployeePerformance,DECLARE @Error INT,No db found
StagingToEDW_StagingToEDW_Fact_HREmployee,spHR_StagingToEDW_FactEmployeePerformance,DECLARE @SourceCount INT,No db found
StagingToEDW_StagingToEDW_Fact_HREmployee,spHR_StagingToEDW_FactEmployeePerformance,DECLARE @InsertCount INT,No db found
StagingToEDW_StagingToEDW_Fact_HREmployee,spHR_StagingToEDW_FactEmployeePerformance,DECLARE @UpdateCount INT,No db found
StagingToEDW_StagingToEDW_Fact_HREmployee,spHR_StagingToEDW_FactEmployeePerformance,DECLARE @DeleteCount INT,No db found
StagingToEDW_StagingToEDW_Fact_HREmployee,spHR_StagingToEDW_FactEmployeePerformance,from Source,No db found
StagingToEDW_StagingToEDW_Fact_HREmployee,spHR_StagingToEDW_FactEmployeePerformance,from source ,No db found
StagingToEDW_StagingToEDW_Fact_HREmployee,spHR_StagingToEDW_FactEmployeePerformance,FROM vPerformanceReviews,No db found
StagingToEDW_StagingToEDW_Fact_HREmployee,spHR_StagingToEDW_FactEmployeePerformance,from Source.,Source
StagingToEDW_StagingToEDW_Fact_HREmployee,spHR_StagingToEDW_FactEmployeePerformance,FROM BING_EDW.dbo.FactEmployeePerformance,BING_EDW
StagingToEDW_StagingToEDW_Fact_HREmployee,spHR_StagingToEDW_FactEmployeePerformance,from Target.,Target
StagingToEDW_StagingToEDW_Fact_HREmployee,spHR_StagingToEDW_FactEmployeePerformance,update or merge ,No db found
StagingToEDW_StagingToEDW_Fact_HREmployee,spHR_StagingToEDW_FactEmployeePerformance,INSERT INTO BING_EDW.dbo.FactEmployeePerformance,BING_EDW
StagingToEDW_StagingToEDW_Fact_HREmployee,spHR_StagingToEDW_FactEmployeePerformance,DECLARE @ErrMsg NVARCHAR,No db found
StagingToEDW_StagingToEDW_Fact_HREmployee,spHR_StagingToEDW_FactEmployeeQualification,FROM sys.objects,sys
StagingToEDW_StagingToEDW_Fact_HREmployee,spHR_StagingToEDW_FactEmployeeQualification,Update ETL process for,No db found
StagingToEDW_StagingToEDW_Fact_HREmployee,spHR_StagingToEDW_FactEmployeeQualification,from Staging to BING_EDW.,BING_EDW
StagingToEDW_StagingToEDW_Fact_HREmployee,spHR_StagingToEDW_FactEmployeeQualification,from Source by calling,No db found
StagingToEDW_StagingToEDW_Fact_HREmployee,spHR_StagingToEDW_FactEmployeeQualification,Update counts to caller,No db found
StagingToEDW_StagingToEDW_Fact_HREmployee,spHR_StagingToEDW_FactEmployeeQualification,from source,No db found
StagingToEDW_StagingToEDW_Fact_HREmployee,spHR_StagingToEDW_FactEmployeeQualification,DECLARE @ProcName NVARCHAR,No db found
StagingToEDW_StagingToEDW_Fact_HREmployee,spHR_StagingToEDW_FactEmployeeQualification,DECLARE @DebugMsg NVARCHAR,No db found
StagingToEDW_StagingToEDW_Fact_HREmployee,spHR_StagingToEDW_FactEmployeeQualification,DECLARE @SourceName VARCHAR,No db found
StagingToEDW_StagingToEDW_Fact_HREmployee,spHR_StagingToEDW_FactEmployeeQualification,DECLARE @AuditId BIGINT,No db found
StagingToEDW_StagingToEDW_Fact_HREmployee,spHR_StagingToEDW_FactEmployeeQualification,DECLARE @RowCount INT,No db found
StagingToEDW_StagingToEDW_Fact_HREmployee,spHR_StagingToEDW_FactEmployeeQualification,DECLARE @Error INT,No db found
StagingToEDW_StagingToEDW_Fact_HREmployee,spHR_StagingToEDW_FactEmployeeQualification,DECLARE @SourceCount INT,No db found
StagingToEDW_StagingToEDW_Fact_HREmployee,spHR_StagingToEDW_FactEmployeeQualification,DECLARE @InsertCount INT,No db found
StagingToEDW_StagingToEDW_Fact_HREmployee,spHR_StagingToEDW_FactEmployeeQualification,DECLARE @UpdateCount INT,No db found
StagingToEDW_StagingToEDW_Fact_HREmployee,spHR_StagingToEDW_FactEmployeeQualification,DECLARE @DeleteCount INT,No db found
StagingToEDW_StagingToEDW_Fact_HREmployee,spHR_StagingToEDW_FactEmployeeQualification,DECLARE @tblMergeActions TABLE,No db found
StagingToEDW_StagingToEDW_Fact_HREmployee,spHR_StagingToEDW_FactEmployeeQualification,FROM Source,No db found
StagingToEDW_StagingToEDW_Fact_HREmployee,spHR_StagingToEDW_FactEmployeeQualification,FROM source ,No db found
StagingToEDW_StagingToEDW_Fact_HREmployee,spHR_StagingToEDW_FactEmployeeQualification,FROM Source.,Source
StagingToEDW_StagingToEDW_Fact_HREmployee,spHR_StagingToEDW_FactEmployeeQualification,UPDATE SET,No db found
StagingToEDW_StagingToEDW_Fact_HREmployee,spHR_StagingToEDW_FactEmployeeQualification,"FROM
             ",No db found
StagingToEDW_StagingToEDW_Fact_HREmployee,spHR_StagingToEDW_FactEmployeeQualification,FROM @tblMergeActions,No db found
StagingToEDW_StagingToEDW_Fact_HREmployee,spHR_StagingToEDW_FactEmployeeQualification,FROM into Target.,Target
StagingToEDW_StagingToEDW_Fact_HREmployee,spHR_StagingToEDW_FactEmployeeQualification,DECLARE @ErrMsg NVARCHAR,No db found
StagingToEDW_StagingToEDW_Fact_HREmployee,spHR_StagingToEDW_FactPersonSpecialInfo,FROM sys.objects,sys
StagingToEDW_StagingToEDW_Fact_HREmployee,spHR_StagingToEDW_FactPersonSpecialInfo,Update ETL process for,No db found
StagingToEDW_StagingToEDW_Fact_HREmployee,spHR_StagingToEDW_FactPersonSpecialInfo,from Staging to BING_EDW.,BING_EDW
StagingToEDW_StagingToEDW_Fact_HREmployee,spHR_StagingToEDW_FactPersonSpecialInfo,from Source by calling,No db found
StagingToEDW_StagingToEDW_Fact_HREmployee,spHR_StagingToEDW_FactPersonSpecialInfo,Update counts to caller,No db found
StagingToEDW_StagingToEDW_Fact_HREmployee,spHR_StagingToEDW_FactPersonSpecialInfo,from source,No db found
StagingToEDW_StagingToEDW_Fact_HREmployee,spHR_StagingToEDW_FactPersonSpecialInfo,DECLARE @ProcName NVARCHAR,No db found
StagingToEDW_StagingToEDW_Fact_HREmployee,spHR_StagingToEDW_FactPersonSpecialInfo,DECLARE @DebugMsg NVARCHAR,No db found
StagingToEDW_StagingToEDW_Fact_HREmployee,spHR_StagingToEDW_FactPersonSpecialInfo,DECLARE @SourceName VARCHAR,No db found
StagingToEDW_StagingToEDW_Fact_HREmployee,spHR_StagingToEDW_FactPersonSpecialInfo,DECLARE @AuditId BIGINT,No db found
StagingToEDW_StagingToEDW_Fact_HREmployee,spHR_StagingToEDW_FactPersonSpecialInfo,DECLARE @RowCount INT,No db found
StagingToEDW_StagingToEDW_Fact_HREmployee,spHR_StagingToEDW_FactPersonSpecialInfo,DECLARE @Error INT,No db found
StagingToEDW_StagingToEDW_Fact_HREmployee,spHR_StagingToEDW_FactPersonSpecialInfo,DECLARE @SourceCount INT,No db found
StagingToEDW_StagingToEDW_Fact_HREmployee,spHR_StagingToEDW_FactPersonSpecialInfo,DECLARE @InsertCount INT,No db found
StagingToEDW_StagingToEDW_Fact_HREmployee,spHR_StagingToEDW_FactPersonSpecialInfo,DECLARE @UpdateCount INT,No db found
StagingToEDW_StagingToEDW_Fact_HREmployee,spHR_StagingToEDW_FactPersonSpecialInfo,DECLARE @DeleteCount INT,No db found
StagingToEDW_StagingToEDW_Fact_HREmployee,spHR_StagingToEDW_FactPersonSpecialInfo,DECLARE @tblMergeActions TABLE,No db found
StagingToEDW_StagingToEDW_Fact_HREmployee,spHR_StagingToEDW_FactPersonSpecialInfo,FROM Source,No db found
StagingToEDW_StagingToEDW_Fact_HREmployee,spHR_StagingToEDW_FactPersonSpecialInfo,FROM source ,No db found
StagingToEDW_StagingToEDW_Fact_HREmployee,spHR_StagingToEDW_FactPersonSpecialInfo,FROM Source.,Source
StagingToEDW_StagingToEDW_Fact_HREmployee,spHR_StagingToEDW_FactPersonSpecialInfo,UPDATE SET,No db found
StagingToEDW_StagingToEDW_Fact_HREmployee,spHR_StagingToEDW_FactPersonSpecialInfo,FROM @tblMergeActions,No db found
StagingToEDW_StagingToEDW_Fact_HREmployee,spHR_StagingToEDW_FactPersonSpecialInfo,FROM into Target.,Target
StagingToEDW_StagingToEDW_Fact_HREmployee,spHR_StagingToEDW_FactPersonSpecialInfo,DECLARE @ErrMsg NVARCHAR,No db found
StagingToEDW_StagingToEDW_Fact_LifecycleStatusSnapshot,spCMS_BatchLoad_StagingToEDW_FactLifecycleStatusSnapshot,from Staging to BING_EDW,No db found
StagingToEDW_StagingToEDW_Fact_LifecycleStatusSnapshot,spCMS_BatchLoad_StagingToEDW_FactLifecycleStatusSnapshot,from the LastProcessedDate,No db found
StagingToEDW_StagingToEDW_Fact_LifecycleStatusSnapshot,spCMS_BatchLoad_StagingToEDW_FactLifecycleStatusSnapshot,DECLARE @ProcName NVARCHAR,No db found
StagingToEDW_StagingToEDW_Fact_LifecycleStatusSnapshot,spCMS_BatchLoad_StagingToEDW_FactLifecycleStatusSnapshot,DECLARE @DebugMsg NVARCHAR,No db found
StagingToEDW_StagingToEDW_Fact_LifecycleStatusSnapshot,spCMS_BatchLoad_StagingToEDW_FactLifecycleStatusSnapshot,DECLARE @TaskName VARCHAR,No db found
StagingToEDW_StagingToEDW_Fact_LifecycleStatusSnapshot,spCMS_BatchLoad_StagingToEDW_FactLifecycleStatusSnapshot,DECLARE @SourceName SYSNAME ,No db found
StagingToEDW_StagingToEDW_Fact_LifecycleStatusSnapshot,spCMS_BatchLoad_StagingToEDW_FactLifecycleStatusSnapshot,DECLARE @IsOverrideBatch BIT,No db found
StagingToEDW_StagingToEDW_Fact_LifecycleStatusSnapshot,spCMS_BatchLoad_StagingToEDW_FactLifecycleStatusSnapshot,DECLARE @RowCount INT,No db found
StagingToEDW_StagingToEDW_Fact_LifecycleStatusSnapshot,spCMS_BatchLoad_StagingToEDW_FactLifecycleStatusSnapshot,DECLARE @Error INT,No db found
StagingToEDW_StagingToEDW_Fact_LifecycleStatusSnapshot,spCMS_BatchLoad_StagingToEDW_FactLifecycleStatusSnapshot,DECLARE @AuditId BIGINT,No db found
StagingToEDW_StagingToEDW_Fact_LifecycleStatusSnapshot,spCMS_BatchLoad_StagingToEDW_FactLifecycleStatusSnapshot,DECLARE @FiscalWeekEndDate DATE,No db found
StagingToEDW_StagingToEDW_Fact_LifecycleStatusSnapshot,spCMS_BatchLoad_StagingToEDW_FactLifecycleStatusSnapshot,DECLARE @SourceCount INT,No db found
StagingToEDW_StagingToEDW_Fact_LifecycleStatusSnapshot,spCMS_BatchLoad_StagingToEDW_FactLifecycleStatusSnapshot,DECLARE @InsertCount INT,No db found
StagingToEDW_StagingToEDW_Fact_LifecycleStatusSnapshot,spCMS_BatchLoad_StagingToEDW_FactLifecycleStatusSnapshot,DECLARE @UpdateCount INT,No db found
StagingToEDW_StagingToEDW_Fact_LifecycleStatusSnapshot,spCMS_BatchLoad_StagingToEDW_FactLifecycleStatusSnapshot,DECLARE @DeleteCount INT,No db found
StagingToEDW_StagingToEDW_Fact_LifecycleStatusSnapshot,spCMS_BatchLoad_StagingToEDW_FactLifecycleStatusSnapshot,DECLARE @LastProcessedDate DATETIME,No db found
StagingToEDW_StagingToEDW_Fact_LifecycleStatusSnapshot,spCMS_BatchLoad_StagingToEDW_FactLifecycleStatusSnapshot,FROM [dbo].[EDWETLBatchControl] ,[dbo]
StagingToEDW_StagingToEDW_Fact_LifecycleStatusSnapshot,spCMS_BatchLoad_StagingToEDW_FactLifecycleStatusSnapshot,DECLARE @BatchByFiscalWeekEndDate TABLE,No db found
StagingToEDW_StagingToEDW_Fact_LifecycleStatusSnapshot,spCMS_BatchLoad_StagingToEDW_FactLifecycleStatusSnapshot,DECLARE @SourceFiscalDate TABLE,No db found
StagingToEDW_StagingToEDW_Fact_LifecycleStatusSnapshot,spCMS_BatchLoad_StagingToEDW_FactLifecycleStatusSnapshot,INSERT INTO @SourceFiscalDate,No db found
StagingToEDW_StagingToEDW_Fact_LifecycleStatusSnapshot,spCMS_BatchLoad_StagingToEDW_FactLifecycleStatusSnapshot,FROM dbo.LifecycleStatusSnapshot,dbo
StagingToEDW_StagingToEDW_Fact_LifecycleStatusSnapshot,spCMS_BatchLoad_StagingToEDW_FactLifecycleStatusSnapshot,INSERT INTO @BatchByFiscalWeekEndDate,No db found
StagingToEDW_StagingToEDW_Fact_LifecycleStatusSnapshot,spCMS_BatchLoad_StagingToEDW_FactLifecycleStatusSnapshot,FROM BING_EDW.dbo.DimDate,BING_EDW
StagingToEDW_StagingToEDW_Fact_LifecycleStatusSnapshot,spCMS_BatchLoad_StagingToEDW_FactLifecycleStatusSnapshot,JOIN ,No db found
StagingToEDW_StagingToEDW_Fact_LifecycleStatusSnapshot,spCMS_BatchLoad_StagingToEDW_FactLifecycleStatusSnapshot,DECLARE csr_fact_rabalance_fisc_weekend CURSOR,No db found
StagingToEDW_StagingToEDW_Fact_LifecycleStatusSnapshot,spCMS_BatchLoad_StagingToEDW_FactLifecycleStatusSnapshot,FROM csr_fact_rabalance_fisc_weekend INTO @FiscalWeekEndDate,No db found
StagingToEDW_StagingToEDW_Fact_LifecycleStatusSnapshot,spCMS_BatchLoad_StagingToEDW_FactLifecycleStatusSnapshot,from all the batch loads for this table,No db found
StagingToEDW_StagingToEDW_Fact_LifecycleStatusSnapshot,spCMS_BatchLoad_StagingToEDW_FactLifecycleStatusSnapshot,FROM BING_EDW.dbo.EDWBatchLoadLog,BING_EDW
StagingToEDW_StagingToEDW_Fact_LifecycleStatusSnapshot,spCMS_BatchLoad_StagingToEDW_FactLifecycleStatusSnapshot,UPDATE [BING_EDW].[dbo].[EDWBatchOverride],[BING_EDW]
StagingToEDW_StagingToEDW_Fact_LifecycleStatusSnapshot,spCMS_BatchLoad_StagingToEDW_FactLifecycleStatusSnapshot,DECLARE @ErrMsg NVARCHAR,No db found
StagingToEDW_StagingToEDW_Fact_StudentLeads,spSalesForce_StagingToEDW_FactLeadEvent,FROM sys.objects,sys
StagingToEDW_StagingToEDW_Fact_StudentLeads,spSalesForce_StagingToEDW_FactLeadEvent,from Staging to BING_EDW.,BING_EDW
StagingToEDW_StagingToEDW_Fact_StudentLeads,spSalesForce_StagingToEDW_FactLeadEvent,from Source by calling,No db found
StagingToEDW_StagingToEDW_Fact_StudentLeads,spSalesForce_StagingToEDW_FactLeadEvent,from source,No db found
StagingToEDW_StagingToEDW_Fact_StudentLeads,spSalesForce_StagingToEDW_FactLeadEvent,from update logic ,No db found
StagingToEDW_StagingToEDW_Fact_StudentLeads,spSalesForce_StagingToEDW_FactLeadEvent,DECLARE @ProcName NVARCHAR,No db found
StagingToEDW_StagingToEDW_Fact_StudentLeads,spSalesForce_StagingToEDW_FactLeadEvent,DECLARE @DebugMsg NVARCHAR,No db found
StagingToEDW_StagingToEDW_Fact_StudentLeads,spSalesForce_StagingToEDW_FactLeadEvent,DECLARE @SourceName VARCHAR,No db found
StagingToEDW_StagingToEDW_Fact_StudentLeads,spSalesForce_StagingToEDW_FactLeadEvent,DECLARE @AuditId BIGINT,No db found
StagingToEDW_StagingToEDW_Fact_StudentLeads,spSalesForce_StagingToEDW_FactLeadEvent,DECLARE @RowCount INT,No db found
StagingToEDW_StagingToEDW_Fact_StudentLeads,spSalesForce_StagingToEDW_FactLeadEvent,DECLARE @Error INT,No db found
StagingToEDW_StagingToEDW_Fact_StudentLeads,spSalesForce_StagingToEDW_FactLeadEvent,DECLARE @SourceCount INT,No db found
StagingToEDW_StagingToEDW_Fact_StudentLeads,spSalesForce_StagingToEDW_FactLeadEvent,DECLARE @InsertCount INT,No db found
StagingToEDW_StagingToEDW_Fact_StudentLeads,spSalesForce_StagingToEDW_FactLeadEvent,DECLARE @UpdateCount INT,No db found
StagingToEDW_StagingToEDW_Fact_StudentLeads,spSalesForce_StagingToEDW_FactLeadEvent,DECLARE @DeleteCount INT,No db found
StagingToEDW_StagingToEDW_Fact_StudentLeads,spSalesForce_StagingToEDW_FactLeadEvent,DECLARE @tblMergeActions TABLE,No db found
StagingToEDW_StagingToEDW_Fact_StudentLeads,spSalesForce_StagingToEDW_FactLeadEvent,DECLARE @tblDeleteActions TABLE,No db found
StagingToEDW_StagingToEDW_Fact_StudentLeads,spSalesForce_StagingToEDW_FactLeadEvent,FROM Source,No db found
StagingToEDW_StagingToEDW_Fact_StudentLeads,spSalesForce_StagingToEDW_FactLeadEvent,FROM source ,No db found
StagingToEDW_StagingToEDW_Fact_StudentLeads,spSalesForce_StagingToEDW_FactLeadEvent,FROM Source.,Source
StagingToEDW_StagingToEDW_Fact_StudentLeads,spSalesForce_StagingToEDW_FactLeadEvent,FROM CTE A,No db found
StagingToEDW_StagingToEDW_Fact_StudentLeads,spSalesForce_StagingToEDW_FactLeadEvent,JOIN ,No db found
StagingToEDW_StagingToEDW_Fact_StudentLeads,spSalesForce_StagingToEDW_FactLeadEvent,UPDATE SET,No db found
StagingToEDW_StagingToEDW_Fact_StudentLeads,spSalesForce_StagingToEDW_FactLeadEvent,"FROM
             ",No db found
StagingToEDW_StagingToEDW_Fact_StudentLeads,spSalesForce_StagingToEDW_FactLeadEvent,FROM @tblMergeActions,No db found
StagingToEDW_StagingToEDW_Fact_StudentLeads,spSalesForce_StagingToEDW_FactLeadEvent,FROM BING_EDW.dbo.FactLeadEvent WHERE LeadEventTypeKey,BING_EDW
StagingToEDW_StagingToEDW_Fact_StudentLeads,spSalesForce_StagingToEDW_FactLeadEvent,FROM vLeadEvent WHERE LeadEventTypeKey ,No db found
StagingToEDW_StagingToEDW_Fact_StudentLeads,spSalesForce_StagingToEDW_FactLeadEvent,UPDATE FLE ,No db found
StagingToEDW_StagingToEDW_Fact_StudentLeads,spSalesForce_StagingToEDW_FactLeadEvent,FROM BING_EDW.dbo.FactLeadEvent WHERE LeadKey,BING_EDW
StagingToEDW_StagingToEDW_Fact_StudentLeads,spSalesForce_StagingToEDW_FactLeadEvent,JOIN BING_EDW.dbo.DimLead LE ON LE.LeadKey ,BING_EDW
StagingToEDW_StagingToEDW_Fact_StudentLeads,spSalesForce_StagingToEDW_FactLeadEvent,DECLARE @ErrMsg NVARCHAR,No db found
StagingToEDW_StagingToEDW_Fact_StudentLeads,spSalesForce_StagingToEDW_FactLeadPipeline,from Staging to BING_EDW.,BING_EDW
StagingToEDW_StagingToEDW_Fact_StudentLeads,spSalesForce_StagingToEDW_FactLeadPipeline,from Source by calling,No db found
StagingToEDW_StagingToEDW_Fact_StudentLeads,spSalesForce_StagingToEDW_FactLeadPipeline,from source,No db found
StagingToEDW_StagingToEDW_Fact_StudentLeads,spSalesForce_StagingToEDW_FactLeadPipeline,DECLARE @ProcName NVARCHAR,No db found
StagingToEDW_StagingToEDW_Fact_StudentLeads,spSalesForce_StagingToEDW_FactLeadPipeline,DECLARE @DebugMsg NVARCHAR,No db found
StagingToEDW_StagingToEDW_Fact_StudentLeads,spSalesForce_StagingToEDW_FactLeadPipeline,DECLARE @SourceName VARCHAR,No db found
StagingToEDW_StagingToEDW_Fact_StudentLeads,spSalesForce_StagingToEDW_FactLeadPipeline,DECLARE @AuditId BIGINT,No db found
StagingToEDW_StagingToEDW_Fact_StudentLeads,spSalesForce_StagingToEDW_FactLeadPipeline,DECLARE @RowCount INT,No db found
StagingToEDW_StagingToEDW_Fact_StudentLeads,spSalesForce_StagingToEDW_FactLeadPipeline,DECLARE @Error INT,No db found
StagingToEDW_StagingToEDW_Fact_StudentLeads,spSalesForce_StagingToEDW_FactLeadPipeline,DECLARE @SourceCount INT,No db found
StagingToEDW_StagingToEDW_Fact_StudentLeads,spSalesForce_StagingToEDW_FactLeadPipeline,DECLARE @InsertCount INT,No db found
StagingToEDW_StagingToEDW_Fact_StudentLeads,spSalesForce_StagingToEDW_FactLeadPipeline,DECLARE @UpdateCount INT,No db found
StagingToEDW_StagingToEDW_Fact_StudentLeads,spSalesForce_StagingToEDW_FactLeadPipeline,DECLARE @DeleteCount INT,No db found
StagingToEDW_StagingToEDW_Fact_StudentLeads,spSalesForce_StagingToEDW_FactLeadPipeline,DECLARE @tblMergeActions TABLE,No db found
StagingToEDW_StagingToEDW_Fact_StudentLeads,spSalesForce_StagingToEDW_FactLeadPipeline,DECLARE @tblDeleteActions TABLE,No db found
StagingToEDW_StagingToEDW_Fact_StudentLeads,spSalesForce_StagingToEDW_FactLeadPipeline,FROM Source,No db found
StagingToEDW_StagingToEDW_Fact_StudentLeads,spSalesForce_StagingToEDW_FactLeadPipeline,from source ,No db found
StagingToEDW_StagingToEDW_Fact_StudentLeads,spSalesForce_StagingToEDW_FactLeadPipeline,from Source.,Source
StagingToEDW_StagingToEDW_Fact_StudentLeads,spSalesForce_StagingToEDW_FactLeadPipeline,UPDATE SET,No db found
StagingToEDW_StagingToEDW_Fact_StudentLeads,spSalesForce_StagingToEDW_FactLeadPipeline,"FROM
             ",No db found
StagingToEDW_StagingToEDW_Fact_StudentLeads,spSalesForce_StagingToEDW_FactLeadPipeline,FROM @tblMergeActions,No db found
StagingToEDW_StagingToEDW_Fact_StudentLeads,spSalesForce_StagingToEDW_FactLeadPipeline,DECLARE @ErrMsg NVARCHAR,No db found
StagingToEDW_StagingToEDW_Fact_StudentLeads,spSalesForce_StagingGenerate_LookupMethodOfContact,DECLARE @ProcName NVARCHAR,No db found
StagingToEDW_StagingToEDW_Fact_StudentLeads,spSalesForce_StagingGenerate_LookupMethodOfContact,DECLARE @DebugMsg NVARCHAR,No db found
StagingToEDW_StagingToEDW_Fact_StudentLeads,spSalesForce_StagingGenerate_LookupMethodOfContact,DECLARE @SourceName VARCHAR,No db found
StagingToEDW_StagingToEDW_Fact_StudentLeads,spSalesForce_StagingGenerate_LookupMethodOfContact,DECLARE @AuditId BIGINT,No db found
StagingToEDW_StagingToEDW_Fact_StudentLeads,spSalesForce_StagingGenerate_LookupMethodOfContact,DECLARE @RowCount INT,No db found
StagingToEDW_StagingToEDW_Fact_StudentLeads,spSalesForce_StagingGenerate_LookupMethodOfContact,DECLARE @Error INT,No db found
StagingToEDW_StagingToEDW_Fact_StudentLeads,spSalesForce_StagingGenerate_LookupMethodOfContact,DECLARE @SourceCount INT ,No db found
StagingToEDW_StagingToEDW_Fact_StudentLeads,spSalesForce_StagingGenerate_LookupMethodOfContact,DECLARE @InsertCount INT ,No db found
StagingToEDW_StagingToEDW_Fact_StudentLeads,spSalesForce_StagingGenerate_LookupMethodOfContact,DECLARE @UpdateCount INT ,No db found
StagingToEDW_StagingToEDW_Fact_StudentLeads,spSalesForce_StagingGenerate_LookupMethodOfContact,DECLARE @DeleteCount INT ,No db found
StagingToEDW_StagingToEDW_Fact_StudentLeads,spSalesForce_StagingGenerate_LookupMethodOfContact,FROM dbo.LookupMethodOfContact,dbo
StagingToEDW_StagingToEDW_Fact_StudentLeads,spSalesForce_StagingGenerate_LookupMethodOfContact,INSERT INTO dbo.LookupMethodOfContact,dbo
StagingToEDW_StagingToEDW_Fact_StudentLeads,spSalesForce_StagingGenerate_LookupMethodOfContact,DECLARE @ErrMsg NVARCHAR,No db found
